1429
8
 0 1 1 75 125 16 (D 0,1,1) (S 2,2,2) (S 64,2,3) (S 3,3,3) (S 79,3,2) (S 8,8,8) (S 7,7,7) (S 46,7,1) (S 82,1,7) (S 10,10,10) (S 47,10,15) (S 15,15,15) (S 60,15,10) (S 44,15,16) (S 78,16,19) (D 0,1,1)
 0 1 2 75 170 11 (D 0,1,1) (S 4,4,4) (S 68,4,10) (S 11,11,11) (S 17,17,17) (S 20,20,20) (S 19,19,19) (S 39,19,16) (S 16,16,16) (S 75,39,40) (D 0,1,1)
 0 1 3 75 177 13 (D 0,1,1) (S 72,14,24) (S 24,24,24) (S 23,23,23) (S 61,23,24) (S 81,24,14) (S 41,14,13) (S 13,13,13) (S 53,13,23) (S 29,29,29) (S 83,30,29) (S 42,34,35) (D 0,1,1)
 0 1 4 74 167 13 (D 0,1,1) (S 71,11,5) (S 74,6,12) (S 12,12,12) (S 65,12,11) (S 57,11,12) (S 18,18,18) (S 73,22,28) (S 28,28,28) (S 43,28,27) (S 32,32,32) (S 70,27,20) (D 0,1,1)
 0 1 5 75 207 12 (D 0,1,1) (S 66,19,20) (S 51,20,27) (S 27,27,27) (S 33,33,33) (S 26,26,26) (S 45,26,32) (S 50,32,26) (S 67,25,26) (S 31,31,31) (S 40,40,40) (D 0,1,1)
 0 1 6 74 211 10 (D 0,1,1) (S 77,8,2) (S 30,30,30) (S 55,29,23) (S 62,23,13) (S 69,13,14) (S 35,35,35) (S 36,36,36) (S 80,41,40) (D 0,1,1)
 0 1 7 74 233 12 (D 0,1,1) (S 63,31,32) (S 39,39,39) (S 38,38,38) (S 52,38,39) (S 40,39,35) (S 48,34,38) (S 58,36,37) (S 37,37,37) (S 49,37,33) (S 59,36,32) (D 0,1,1)
 0 1 8 22 139 5 (D 0,1,1) (S 54,29,34) (S 56,34,29) (S 76,41,37) (D 0,1,1)
