23583
9
46293171
3392263
 0 1 1 1879 2722 10 (D 0,1,1) (S 1,1,2) (S 2,2,2) (S 3,3,3) (S 2,3,4) (S 4,4,4) (S 5,5,5) (S 7,9,8) (S 29,23,26) (D 0,1,1)
 0 1 2 1883 2569 10 (D 0,1,1) (S 8,8,8) (S 6,8,7) (S 7,7,7) (S 5,7,13) (S 13,13,13) (S 15,13,14) (S 14,14,14) (S 31,24,23) (D 0,1,1)
 0 1 3 1855 2783 10 (D 0,1,1) (S 4,7,1) (S 8,9,14) (S 16,14,15) (S 15,15,15) (S 21,21,21) (S 25,21,20) (S 28,28,28) (S 34,26,31) (D 0,1,1)
 0 1 4 1884 2802 10 (D 0,1,1) (S 6,6,6) (S 3,6,12) (S 12,12,12) (S 14,12,11) (S 11,11,5) (S 12,11,10) (S 10,10,16) (S 17,17,17) (D 0,1,1)
 0 1 5 1867 2633 9 (D 0,1,1) (S 17,14,20) (S 24,20,28) (S 27,27,27) (S 19,19,19) (S 35,29,30) (S 30,30,30) (S 33,26,22) (D 0,1,1)
 0 1 6 1859 2814 8 (D 0,1,1) (S 13,11,12) (S 9,10,4) (S 18,18,18) (S 22,18,25) (S 25,25,25) (S 20,16,22) (D 0,1,1)
 0 1 7 1748 2607 8 (D 0,1,1) (S 18,16,10) (S 19,16,17) (S 21,18,12) (S 22,22,22) (S 26,22,23) (S 23,23,23) (D 0,1,1)
 0 1 8 1832 2670 8 (D 0,1,1) (S 23,20,19) (S 37,30,31) (S 31,31,31) (S 38,31,32) (S 32,25,24) (S 28,23,22) (D 0,1,1)
 0 1 9 1185 1983 6 (D 0,1,1) (S 27,22,29) (S 36,30,26) (S 24,24,24) (S 30,24,17) (D 0,1,1)
