567
8
 0 1 1 27 69 11 (D 0,1,1) (S 11,1,19) (S 2,2,2) (S 4,4,4) (S 12,4,12) (S 32,12,19) (S 10,10,10) (S 21,4,19) (S 35,12,13) (S 13,5,9) (D 0,1,1)
 0 1 2 26 86 8 (D 0,1,1) (S 34,1,17) (S 19,15,17) (S 16,16,16) (S 14,14,14) (S 38,25,26) (S 23,1,24) (D 0,1,1)
 0 1 3 27 42 5 (D 0,1,1) (S 25,4,5) (S 20,5,6) (S 6,6,6) (D 0,1,1)
 0 1 4 27 62 7 (D 0,1,1) (S 18,1,27) (S 8,8,8) (S 26,26,26) (S 27,22,23) (S 30,22,25) (D 0,1,1)
 0 1 5 27 71 6 (D 0,1,1) (S 22,1,15) (S 39,13,15) (S 24,20,21) (S 33,18,25) (D 0,1,1)
 0 1 6 27 95 6 (D 0,1,1) (S 15,24,27) (S 23,23,23) (S 29,8,9) (S 17,21,22) (D 0,1,1)
 0 1 7 25 67 6 (D 0,1,1) (S 14,4,6) (S 37,6,8) (S 28,3,6) (S 31,6,9) (D 0,1,1)
 0 1 8 25 75 5 (D 0,1,1) (S 36,14,18) (S 26,18,21) (S 16,7,11) (D 0,1,1)
