996
8
 0 1 1 70 114 17 (D 0,1,1) (S 55,1,5) (S 5,5,5) (S 2,2,2) (S 3,3,3) (S 90,3,2) (S 6,6,6) (S 70,6,5) (S 10,10,10) (S 73,10,11) (S 45,11,12) (S 12,12,12) (S 59,12,7) (S 7,7,7) (S 82,4,3) (S 64,6,11) (D 0,1,1)
 0 1 2 70 113 18 (D 0,1,1) (S 9,9,9) (S 14,14,14) (S 23,23,23) (S 15,15,15) (S 79,15,23) (S 92,23,24) (S 24,24,24) (S 87,24,29) (S 29,29,29) (S 30,30,30) (S 38,38,38) (S 81,38,36) (S 93,36,38) (S 35,35,35) (S 83,37,38) (S 27,27,27) (D 0,1,1)
 0 1 3 70 118 14 (D 0,1,1) (S 66,1,16) (S 16,16,16) (S 63,16,17) (S 17,17,17) (S 18,18,18) (S 47,17,10) (S 61,10,17) (S 31,31,31) (S 32,32,32) (S 65,32,31) (S 49,31,39) (S 76,23,29) (D 0,1,1)
 0 1 4 70 126 14 (D 0,1,1) (S 53,5,1) (S 13,13,13) (S 20,20,20) (S 22,22,22) (S 50,22,14) (S 48,14,22) (S 26,26,26) (S 60,26,25) (S 52,25,33) (S 80,33,25) (S 57,25,26) (S 40,24,30) (D 0,1,1)
 0 1 5 70 122 12 (D 0,1,1) (S 28,28,28) (S 84,27,35) (S 43,43,43) (S 42,42,42) (S 41,41,41) (S 33,33,33) (S 74,33,34) (S 34,34,34) (S 46,46,46) (S 77,39,30) (D 0,1,1)
 0 1 6 70 140 13 (D 0,1,1) (S 51,15,16) (S 67,16,15) (S 54,29,37) (S 39,37,29) (S 39,39,39) (S 68,39,31) (S 78,39,47) (S 47,47,47) (S 56,47,39) (S 75,29,23) (S 44,30,17) (D 0,1,1)
 0 1 7 68 164 15 (D 0,1,1) (S 71,11,6) (S 72,19,32) (S 50,50,50) (S 49,49,49) (S 41,49,45) (S 43,45,44) (S 44,44,44) (S 58,44,43) (S 86,43,44) (S 85,43,48) (S 62,48,49) (S 42,49,48) (S 69,48,43) (D 0,1,1)
 0 1 8 27 99 7 (D 0,1,1) (S 89,13,22) (S 91,25,20) (S 8,8,8) (S 46,8,13) (S 88,45,49) (D 0,1,1)
