58723
10
 0 1 1 2000 3448 34 (D 0,365,365) (S 7,7,7) (S 279,279,279) (S 59,59,59) (S 12,12,12) (S 264,264,264) (S 45,45,45) (S 56,56,56) (S 22,22,22) (S 11,11,11) (S 276,276,276) (S 48,48,48) (S 47,47,47) (S 284,284,284) (S 288,288,288) (S 49,49,49) (S 278,278,278) (S 62,62,62) (S 1,1,1) (S 39,39,39) (S 16,16,16) (S 42,42,42) (S 52,52,52) (S 60,60,60) (S 61,61,61) (S 40,40,40) (S 43,43,43) (S 35,35,35) (S 273,273,273) (S 81,81,81) (S 82,82,82) (S 38,38,38) (S 262,262,262) (D 0,365,365)
 0 1 2 2000 3144 32 (D 0,365,365) (S 66,66,66) (S 286,286,286) (S 275,275,275) (S 287,287,287) (S 37,37,37) (S 36,36,36) (S 2,2,2) (S 3,3,3) (S 4,4,4) (S 277,277,277) (S 274,274,274) (S 271,271,271) (S 5,5,5) (S 109,109,109) (S 140,140,140) (S 76,76,76) (S 93,93,93) (S 87,87,87) (S 88,88,88) (S 89,89,89) (S 111,111,111) (S 113,113,113) (S 86,86,86) (S 117,117,117) (S 116,116,116) (S 94,94,94) (S 141,141,141) (S 85,85,85) (S 125,125,125) (S 126,126,126) (D 0,365,365)
 0 1 3 2000 7840 48 (D 0,365,365) (S 41,41,41) (S 24,24,24) (S 268,268,268) (S 44,44,44) (S 21,21,21) (S 265,265,265) (S 54,54,54) (S 272,272,272) (S 51,51,51) (S 263,263,263) (S 291,291,291) (S 71,71,71) (S 72,72,72) (S 73,73,73) (S 74,74,74) (S 282,282,282) (S 55,55,55) (S 124,124,124) (S 80,80,80) (S 64,64,64) (S 57,57,57) (S 58,58,58) (S 134,134,134) (S 14,14,14) (S 19,19,19) (S 20,20,20) (S 31,31,31) (S 15,15,15) (S 23,23,23) (S 102,102,102) (S 103,103,103) (S 143,143,143) (S 123,123,123) (S 122,122,122) (S 147,147,147) (S 25,25,25) (S 215,215,215) (S 222,222,222) (S 230,230,230) (S 224,224,224) (S 206,206,206) (S 211,211,211) (S 200,200,200) (S 191,191,191) (S 171,171,171) (S 248,248,248) (D 0,365,365)
 0 1 4 1994 8510 48 (D 0,365,365) (S 267,267,267) (S 67,67,67) (S 70,70,70) (S 266,266,266) (S 285,285,285) (S 27,27,27) (S 281,281,281) (S 63,63,63) (S 99,99,99) (S 50,50,50) (S 65,65,65) (S 133,133,133) (S 294,294,294) (S 151,151,151) (S 152,152,152) (S 91,91,91) (S 132,132,132) (S 131,131,131) (S 228,228,228) (S 139,139,139) (S 173,173,173) (S 174,174,174) (S 175,175,175) (S 176,176,176) (S 177,177,177) (S 178,178,178) (S 179,179,179) (S 204,204,204) (S 332,332,332) (S 236,236,236) (S 207,207,207) (S 208,208,208) (S 209,209,209) (S 226,226,226) (S 157,157,157) (S 158,158,158) (S 234,234,234) (S 170,170,170) (S 238,238,238) (S 241,241,241) (S 118,118,118) (S 78,78,78) (S 245,245,245) (S 255,255,255) (S 259,259,259) (S 254,254,254) (D 0,365,365)
 0 1 5 1992 5312 28 (D 0,365,365) (S 316,316,316) (S 145,145,145) (S 301,301,301) (S 84,84,84) (S 304,304,304) (S 112,112,112) (S 305,305,305) (S 114,114,114) (S 293,293,293) (S 313,313,313) (S 96,96,96) (S 106,106,106) (S 318,318,318) (S 98,98,98) (S 127,127,127) (S 104,104,104) (S 309,309,309) (S 121,121,121) (S 95,95,95) (S 307,307,307) (S 97,97,97) (S 306,306,306) (S 119,119,119) (S 128,128,128) (S 83,83,83) (S 253,253,253) (D 0,365,365)
 0 1 6 1997 6021 37 (D 0,365,365) (S 75,75,75) (S 297,297,297) (S 120,120,120) (S 308,308,308) (S 68,68,68) (S 69,69,69) (S 312,312,312) (S 107,107,107) (S 108,108,108) (S 302,302,302) (S 110,110,110) (S 303,303,303) (S 77,77,77) (S 115,115,115) (S 130,130,130) (S 292,292,292) (S 317,317,317) (S 161,161,161) (S 163,163,163) (S 164,164,164) (S 201,201,201) (S 240,240,240) (S 321,321,321) (S 233,233,233) (S 214,214,214) (S 235,235,235) (S 326,326,326) (S 239,239,239) (S 232,232,232) (S 231,231,231) (S 162,162,162) (S 237,237,237) (S 168,168,168) (S 205,205,205) (S 217,217,217) (D 0,365,365)
 0 1 7 1993 4922 39 (D 0,365,365) (S 17,17,17) (S 18,18,18) (S 28,28,28) (S 29,29,29) (S 296,296,296) (S 295,295,295) (S 9,9,9) (S 290,290,290) (S 79,79,79) (S 6,6,6) (S 10,10,10) (S 8,8,8) (S 283,283,283) (S 92,92,92) (S 137,137,137) (S 129,129,129) (S 135,135,135) (S 319,319,319) (S 314,314,314) (S 298,298,298) (S 315,315,315) (S 138,138,138) (S 148,148,148) (S 299,299,299) (S 320,320,320) (S 153,153,153) (S 149,149,149) (S 150,150,150) (S 144,144,144) (S 142,142,142) (S 101,101,101) (S 100,100,100) (S 300,300,300) (S 136,136,136) (S 53,53,53) (S 26,26,26) (S 105,105,105) (D 0,365,365)
 0 1 8 1997 6856 31 (D 0,365,365) (S 30,30,30) (S 32,32,32) (S 33,33,33) (S 280,280,280) (S 269,269,269) (S 34,34,34) (S 270,270,270) (S 289,289,289) (S 13,13,13) (S 46,46,46) (S 311,311,311) (S 146,146,146) (S 310,310,310) (S 90,90,90) (S 242,242,242) (S 229,229,229) (S 213,213,213) (S 221,221,221) (S 329,329,329) (S 218,218,218) (S 203,203,203) (S 219,219,219) (S 202,202,202) (S 333,333,333) (S 165,165,165) (S 160,160,160) (S 195,195,195) (S 196,196,196) (S 197,197,197) (D 0,365,365)
 0 1 9 1977 7387 36 (D 0,365,365) (S 223,223,223) (S 220,220,220) (S 156,156,156) (S 159,159,159) (S 166,166,166) (S 324,324,324) (S 167,167,167) (S 212,212,212) (S 325,325,325) (S 198,198,198) (S 330,330,330) (S 199,199,199) (S 331,331,331) (S 227,227,227) (S 180,180,180) (S 323,323,323) (S 244,244,244) (S 335,335,335) (S 249,249,249) (S 247,247,247) (S 246,246,246) (S 243,243,243) (S 154,154,154) (S 172,172,172) (S 260,260,260) (S 250,250,250) (S 251,251,251) (S 252,252,252) (S 334,334,334) (S 181,181,181) (S 155,155,155) (S 257,257,257) (S 258,258,258) (S 261,261,261) (D 0,365,365)
 0 1 10 1230 5283 22 (D 0,365,365) (S 189,189,189) (S 210,210,210) (S 193,193,193) (S 190,190,190) (S 192,192,192) (S 216,216,216) (S 182,182,182) (S 183,183,183) (S 327,327,327) (S 184,184,184) (S 185,185,185) (S 186,186,186) (S 187,187,187) (S 188,188,188) (S 328,328,328) (S 194,194,194) (S 225,225,225) (S 169,169,169) (S 256,256,256) (S 322,322,322) (D 0,365,365)
