18771
18
102752785
27839688
 0 1 1 149 637 11 (D 0,1,1) (S 67,1,116) (S 68,116,117) (S 70,117,119) (S 118,118,118) (S 51,86,87) (S 84,84,84) (S 49,84,85) (S 50,85,86) (S 88,88,88) (D 0,1,1)
 0 1 2 149 811 12 (D 0,1,1) (S 114,114,114) (S 113,113,113) (S 65,112,113) (S 66,113,114) (S 62,110,111) (S 63,110,112) (S 61,107,110) (S 64,107,112) (S 56,104,105) (S 33,63,64) (D 0,1,1)
 0 1 3 150 1103 9 (D 0,1,1) (S 69,2,117) (S 124,124,124) (S 72,124,126) (S 73,126,130) (S 134,134,134) (S 125,125,125) (S 54,97,98) (D 0,1,1)
 0 1 4 150 841 8 (D 0,1,1) (S 59,107,108) (S 58,106,107) (S 57,105,106) (S 55,102,104) (S 103,103,103) (S 92,92,92) (D 0,1,1)
 0 1 5 148 932 9 (D 0,1,1) (S 71,114,118) (S 82,82,82) (S 48,82,84) (S 80,80,80) (S 47,80,82) (S 26,43,46) (S 25,34,45) (D 0,1,1)
 0 1 6 147 904 10 (D 0,1,1) (S 46,79,80) (S 78,78,78) (S 45,78,79) (S 76,76,76) (S 44,77,78) (S 46,46,46) (S 42,42,42) (S 20,38,39) (D 0,1,1)
 0 1 7 150 889 6 (D 0,1,1) (S 135,135,135) (S 43,43,43) (S 37,37,37) (S 22,37,43) (D 0,1,1)
 0 1 8 148 927 13 (D 0,1,1) (S 38,67,69) (S 39,69,71) (S 40,71,72) (S 41,72,73) (S 70,70,70) (S 37,67,68) (S 62,62,62) (S 32,62,63) (S 64,64,64) (S 34,64,65) (S 31,55,56) (D 0,1,1)
 0 1 9 147 1543 7 (D 0,1,1) (S 60,108,109) (S 52,95,96) (S 53,96,97) (S 74,55,140) (S 14,28,30) (D 0,1,1)
 0 1 10 150 1126 8 (D 0,1,1) (S 36,66,67) (S 24,44,45) (S 42,44,73) (S 43,46,77) (S 23,43,44) (S 18,36,37) (D 0,1,1)
 0 1 11 148 930 7 (D 0,1,1) (S 35,62,66) (S 54,54,54) (S 30,54,55) (S 49,49,49) (S 61,61,61) (D 0,1,1)
 0 1 12 148 1056 7 (D 0,1,1) (S 36,36,36) (S 19,36,38) (S 38,38,38) (S 21,39,40) (S 17,34,139) (D 0,1,1)
 0 1 13 148 1068 8 (D 0,1,1) (S 48,48,48) (S 28,48,49) (S 29,49,140) (S 139,139,139) (S 27,33,139) (S 11,11,11) (D 0,1,1)
 0 1 14 150 1214 9 (D 0,1,1) (S 16,11,33) (S 5,11,12) (S 6,12,13) (S 13,13,13) (S 16,16,16) (S 15,15,15) (S 8,20,22) (D 0,1,1)
 0 1 15 148 1164 9 (D 0,1,1) (S 29,29,29) (S 13,28,29) (S 30,30,30) (S 12,27,28) (S 25,25,25) (S 11,25,27) (S 15,30,32) (D 0,1,1)
 0 1 16 145 1327 7 (D 0,1,1) (S 75,11,27) (S 10,24,25) (S 20,20,20) (S 9,20,24) (S 10,10,10) (D 0,1,1)
 0 1 17 123 1215 7 (D 0,1,1) (S 7,13,14) (S 6,6,6) (S 2,6,8) (S 5,5,5) (S 1,5,6) (D 0,1,1)
 0 1 18 85 1084 4 (D 0,1,1) (S 3,8,9) (S 4,8,11) (D 0,1,1)
