964
8
 0 1 1 70 101 15 (D 0,1,1) (S 43,1,5) (S 5,5,5) (S 2,2,2) (S 65,2,3) (S 3,3,3) (S 45,3,4) (S 4,4,4) (S 50,7,12) (S 12,12,12) (S 71,12,11) (S 11,11,11) (S 6,6,6) (S 64,6,11) (D 0,1,1)
 0 1 2 70 101 13 (D 0,1,1) (S 9,9,9) (S 14,14,14) (S 23,23,23) (S 15,15,15) (S 24,24,24) (S 29,29,29) (S 30,30,30) (S 93,30,39) (S 38,38,38) (S 69,38,36) (S 52,36,38) (D 0,1,1)
 0 1 3 70 114 12 (D 0,1,1) (S 70,1,10) (S 10,10,10) (S 67,10,17) (S 17,17,17) (S 57,18,19) (S 19,19,19) (S 32,32,32) (S 63,32,31) (S 47,31,32) (S 27,27,27) (D 0,1,1)
 0 1 4 70 128 11 (D 0,1,1) (S 16,16,16) (S 88,16,17) (S 91,17,30) (S 39,39,39) (S 72,39,31) (S 56,31,39) (S 90,39,40) (S 36,36,36) (S 66,23,29) (D 0,1,1)
 0 1 5 69 119 18 (D 0,1,1) (S 13,13,13) (S 21,21,21) (S 20,20,20) (S 83,20,25) (S 25,25,25) (S 33,33,33) (S 77,33,25) (S 85,25,26) (S 92,26,25) (S 79,33,34) (S 68,34,35) (S 35,35,35) (S 81,38,37) (S 84,37,38) (S 53,46,45) (S 51,45,44) (D 0,1,1)
 0 1 6 69 119 12 (D 0,1,1) (S 28,28,28) (S 74,28,27) (S 73,27,35) (S 43,43,43) (S 49,43,44) (S 44,44,44) (S 54,37,29) (S 61,29,37) (S 87,29,23) (S 60,14,22) (D 0,1,1)
 0 1 7 67 157 13 (D 0,1,1) (S 75,16,15) (S 22,22,22) (S 62,22,14) (S 86,22,13) (S 80,13,22) (S 78,13,8) (S 8,8,8) (S 82,8,13) (S 59,25,20) (S 45,45,45) (S 44,45,49) (D 0,1,1)
 0 1 8 45 125 10 (D 0,1,1) (S 47,47,47) (S 76,47,40) (S 48,50,49) (S 49,49,49) (S 46,49,45) (S 89,49,48) (S 58,48,49) (S 55,48,43) (D 0,1,1)
