990
8
 0 1 1 70 109 22 (D 0,1,1) (S 60,1,9) (S 14,14,14) (S 23,23,23) (S 15,15,15) (S 51,15,23) (S 85,23,24) (S 24,24,24) (S 63,24,23) (S 28,28,28) (S 66,28,27) (S 79,27,28) (S 91,27,35) (S 93,36,38) (S 38,38,38) (S 88,38,36) (S 37,37,37) (S 80,37,29) (S 29,29,29) (S 30,30,30) (S 57,30,24) (D 0,1,1)
 0 1 2 70 132 18 (D 0,1,1) (S 5,5,5) (S 87,5,6) (S 6,6,6) (S 52,6,5) (S 2,2,2) (S 3,3,3) (S 46,3,4) (S 64,4,3) (S 11,11,11) (S 81,11,12) (S 69,12,7) (S 71,7,12) (S 75,12,11) (S 18,18,18) (S 31,31,31) (S 68,23,29) (D 0,1,1)
 0 1 3 69 111 13 (D 0,1,1) (S 83,1,10) (S 86,10,11) (S 17,17,17) (S 73,31,32) (S 90,32,31) (S 39,39,39) (S 55,39,30) (S 47,29,24) (S 39,29,23) (S 78,15,16) (S 16,16,16) (D 0,1,1)
 0 1 4 70 134 13 (D 0,1,1) (S 72,1,16) (S 74,17,30) (S 77,39,38) (S 45,46,45) (S 45,45,45) (S 43,45,44) (S 42,44,37) (S 50,50,50) (S 49,49,49) (S 41,49,48) (S 53,48,49) (D 0,1,1)
 0 1 5 68 121 15 (D 0,1,1) (S 38,9,1) (S 54,9,13) (S 13,13,13) (S 21,21,21) (S 22,22,22) (S 36,22,14) (S 44,13,22) (S 61,20,25) (S 25,25,25) (S 59,33,25) (S 37,25,26) (S 49,26,25) (S 70,25,20) (D 0,1,1)
 0 1 6 70 183 11 (D 0,1,1) (S 50,10,17) (S 56,19,32) (S 92,32,19) (S 89,39,31) (S 67,39,40) (S 40,47,40) (S 35,30,17) (S 33,33,33) (S 84,34,35) (D 0,1,1)
 0 1 7 68 169 12 (D 0,1,1) (S 34,34,34) (S 42,42,42) (S 43,43,43) (S 34,43,35) (S 58,35,43) (S 82,43,48) (S 48,48,48) (S 76,44,43) (S 48,47,39) (S 65,8,9) (D 0,1,1)
 0 1 8 5 31 3 (D 0,1,1) (S 62,8,13) (D 0,1,1)
