1029
6
11105059
172224
 0 1 1 5 92 7 (D 0,1,1) (S 1,1,2) (S 2,2,2) (S 7,2,4) (S 12,4,11) (S 11,11,11) (D 0,1,1)
 0 1 2 5 103 7 (D 0,1,1) (S 2,1,4) (S 14,11,5) (S 13,5,6) (S 6,6,6) (S 17,6,12) (D 0,1,1)
 0 1 3 5 153 7 (D 0,1,1) (S 3,1,7) (S 19,7,12) (S 5,12,1) (S 25,1,10) (S 23,10,8) (D 0,1,1)
 0 1 4 5 171 7 (D 0,1,1) (S 20,8,10) (S 18,8,7) (S 22,12,11) (S 11,11,3) (S 3,3,3) (D 0,1,1)
 0 1 5 5 182 7 (D 0,1,1) (S 6,2,3) (S 10,3,5) (S 15,5,12) (S 24,10,9) (S 8,9,2) (D 0,1,1)
 0 1 6 4 328 6 (D 0,1,1) (S 4,10,1) (S 16,6,7) (S 9,3,4) (S 21,9,10) (D 0,1,1)
