60702
26
300281171
194941200
 0 1 1 1573 2101 9 (D 0,1,1) (S 1,1,10) (S 10,10,10) (S 17,10,11) (S 11,11,11) (S 27,27,27) (S 82,37,36) (S 100,47,38) (D 0,1,1)
 0 1 2 1578 2191 9 (D 0,1,1) (S 2,2,1) (S 3,2,11) (S 12,12,12) (S 20,12,19) (S 19,19,19) (S 37,19,28) (S 24,14,21) (D 0,1,1)
 0 1 3 1572 2315 11 (D 0,1,1) (S 16,10,1) (S 56,26,35) (S 76,35,44) (S 95,44,35) (S 75,35,36) (S 36,36,36) (S 79,36,37) (S 98,46,45) (S 134,61,60) (D 0,1,1)
 0 1 4 1576 2321 11 (D 0,1,1) (S 55,26,27) (S 59,27,37) (S 37,37,37) (S 46,46,46) (S 99,46,61) (S 61,61,61) (S 62,62,62) (S 138,63,62) (S 143,65,66) (D 0,1,1)
 0 1 5 1577 2562 12 (D 0,1,1) (S 19,11,10) (S 18,11,2) (S 4,3,2) (S 5,4,13) (S 13,13,13) (S 23,13,14) (S 40,21,14) (S 41,21,22) (S 43,22,31) (S 108,49,40) (D 0,1,1)
 0 1 6 1565 2727 13 (D 0,1,1) (S 54,26,10) (S 74,35,26) (S 96,44,45) (S 97,45,46) (S 81,37,27) (S 57,27,11) (S 22,13,12) (S 61,28,38) (S 60,28,29) (S 65,29,30) (S 93,42,43) (D 0,1,1)
 0 1 7 1578 2332 10 (D 0,1,1) (S 6,5,4) (S 7,5,6) (S 6,6,6) (S 7,7,7) (S 11,7,8) (S 8,8,8) (S 33,17,18) (S 142,65,55) (D 0,1,1)
 0 1 8 1573 2352 12 (D 0,1,1) (S 8,5,14) (S 27,15,16) (S 16,16,16) (S 29,16,17) (S 32,17,16) (S 30,16,23) (S 23,23,23) (S 44,23,32) (S 89,41,32) (S 113,51,52) (D 0,1,1)
 0 1 9 1574 2373 9 (D 0,1,1) (S 78,36,35) (S 80,36,44) (S 59,59,59) (S 131,59,60) (S 133,60,59) (S 132,60,45) (S 62,28,39) (D 0,1,1)
 0 1 10 1571 2266 9 (D 0,1,1) (S 28,28,28) (S 29,29,29) (S 63,29,20) (S 39,20,29) (S 64,29,28) (S 48,48,48) (S 117,52,53) (D 0,1,1)
 0 1 11 1574 2346 9 (D 0,1,1) (S 58,27,28) (S 39,39,39) (S 87,39,48) (S 105,48,49) (S 109,49,50) (S 112,51,41) (S 129,58,57) (D 0,1,1)
 0 1 12 1532 2276 8 (D 0,1,1) (S 77,36,27) (S 83,38,39) (S 85,39,29) (S 30,30,30) (S 114,51,56) (S 127,56,66) (D 0,1,1)
 0 1 13 1558 2518 10 (D 0,1,1) (S 21,13,4) (S 10,7,6) (S 9,6,15) (S 26,15,14) (S 42,21,30) (S 66,30,21) (S 25,15,6) (S 34,18,17) (D 0,1,1)
 0 1 14 1574 2262 8 (D 0,1,1) (S 38,20,21) (S 68,31,30) (S 49,49,49) (S 50,50,50) (S 124,55,65) (S 145,66,65) (D 0,1,1)
 0 1 15 1562 2190 7 (D 0,1,1) (S 60,60,60) (S 135,61,62) (S 137,62,63) (S 63,63,63) (S 121,54,64) (D 0,1,1)
 0 1 16 1559 2324 9 (D 0,1,1) (S 13,8,9) (S 9,9,9) (S 15,9,8) (S 14,8,17) (S 31,17,8) (S 36,18,25) (S 45,24,16) (D 0,1,1)
 0 1 17 1572 2343 9 (D 0,1,1) (S 84,38,47) (S 102,47,48) (S 104,48,47) (S 101,47,46) (S 103,48,39) (S 86,39,40) (S 119,54,49) (D 0,1,1)
 0 1 18 1576 2406 9 (D 0,1,1) (S 12,7,16) (S 28,16,7) (S 50,24,33) (S 69,33,32) (S 51,51,51) (S 57,57,57) (S 115,52,42) (D 0,1,1)
 0 1 19 1558 2281 8 (D 0,1,1) (S 88,39,49) (S 107,49,39) (S 106,48,63) (S 64,64,64) (S 139,64,54) (S 120,54,55) (D 0,1,1)
 0 1 20 1557 2286 7 (D 0,1,1) (S 47,24,23) (S 48,24,25) (S 52,25,18) (S 35,18,24) (S 73,34,43) (D 0,1,1)
 0 1 21 1564 2447 9 (D 0,1,1) (S 67,30,51) (S 56,56,56) (S 126,56,55) (S 123,55,56) (S 125,56,51) (S 90,41,42) (S 146,66,67) (D 0,1,1)
 0 1 22 1561 2384 8 (D 0,1,1) (S 111,50,55) (S 122,55,54) (S 140,64,63) (S 141,64,65) (S 144,66,56) (S 136,62,61) (D 0,1,1)
 0 1 23 1515 2197 7 (D 0,1,1) (S 46,24,17) (S 51,24,34) (S 72,34,25) (S 53,25,24) (S 49,24,32) (D 0,1,1)
 0 1 24 1542 2320 8 (D 0,1,1) (S 110,50,49) (S 42,42,42) (S 92,42,41) (S 43,43,43) (S 94,43,53) (S 58,58,58) (D 0,1,1)
 0 1 25 1547 2435 8 (D 0,1,1) (S 70,33,34) (S 71,34,24) (S 91,42,33) (S 116,52,51) (S 128,57,56) (S 67,67,67) (D 0,1,1)
 0 1 26 1312 2147 8 (D 0,1,1) (S 118,53,43) (S 130,58,68) (S 68,68,68) (S 149,67,68) (S 147,67,57) (S 148,67,66) (D 0,1,1)
