606
8
 0 1 1 27 62 8 (D 0,1,1) (S 25,1,19) (S 2,2,2) (S 20,12,13) (S 22,13,14) (S 14,14,14) (S 21,14,21) (D 0,1,1)
 0 1 2 27 118 10 (D 0,1,1) (S 11,1,24) (S 32,24,27) (S 26,26,26) (S 12,23,26) (S 29,22,25) (S 15,25,26) (S 16,16,16) (S 14,6,7) (D 0,1,1)
 0 1 3 27 67 7 (D 0,1,1) (S 3,3,3) (S 19,3,6) (S 6,6,6) (S 17,6,10) (S 24,3,4) (D 0,1,1)
 0 1 4 25 64 6 (D 0,1,1) (S 13,15,17) (S 23,15,20) (S 30,20,21) (S 21,21,21) (D 0,1,1)
 0 1 5 25 61 5 (D 0,1,1) (S 10,13,15) (S 16,14,18) (S 18,18,18) (D 0,1,1)
 0 1 6 27 65 6 (D 0,1,1) (S 33,3,8) (S 28,8,9) (S 5,5,5) (S 10,10,10) (D 0,1,1)
 0 1 7 25 80 5 (D 0,1,1) (S 4,4,4) (S 31,6,9) (S 26,7,11) (D 0,1,1)
 0 1 8 25 89 6 (D 0,1,1) (S 35,23,24) (S 27,18,25) (S 18,14,20) (S 34,21,25) (D 0,1,1)
