27570
11
61785021
14986884
 0 1 1 1942 2549 10 (D 0,1,1) (S 2,2,2) (S 2,2,1) (S 1,1,11) (S 11,11,11) (S 9,11,20) (S 20,20,20) (S 13,20,28) (S 22,30,31) (D 0,1,1)
 0 1 2 1916 2499 9 (D 0,1,1) (S 8,11,12) (S 12,12,12) (S 21,21,21) (S 29,29,29) (S 20,29,28) (S 28,28,28) (S 14,22,23) (D 0,1,1)
 0 1 3 1943 2590 10 (D 0,1,1) (S 13,13,13) (S 30,30,30) (S 31,31,31) (S 22,22,22) (S 23,23,23) (S 24,24,24) (S 24,33,24) (S 19,19,19) (D 0,1,1)
 0 1 4 1895 2908 12 (D 0,1,1) (S 4,4,4) (S 5,5,5) (S 3,5,4) (S 4,5,6) (S 6,6,6) (S 5,6,5) (S 6,6,16) (S 10,15,14) (S 19,27,19) (S 32,43,36) (D 0,1,1)
 0 1 5 1927 2899 10 (D 0,1,1) (S 38,38,38) (S 39,39,39) (S 40,40,40) (S 41,41,41) (S 30,41,40) (S 23,31,30) (S 21,29,30) (S 29,41,33) (D 0,1,1)
 0 1 6 1872 2601 8 (D 0,1,1) (S 28,37,28) (S 15,15,15) (S 11,15,16) (S 16,16,16) (S 17,17,17) (S 26,26,26) (D 0,1,1)
 0 1 7 1947 2518 7 (D 0,1,1) (S 7,7,7) (S 9,9,9) (S 18,18,18) (S 27,27,27) (S 18,26,18) (D 0,1,1)
 0 1 8 1929 2640 8 (D 0,1,1) (S 32,32,32) (S 33,33,33) (S 25,33,32) (S 15,24,33) (S 26,33,34) (S 17,25,34) (D 0,1,1)
 0 1 9 1927 2619 8 (D 0,1,1) (S 8,8,8) (S 7,8,10) (S 10,10,10) (S 12,19,18) (S 35,35,35) (S 16,25,26) (D 0,1,1)
 0 1 10 1773 2478 7 (D 0,1,1) (S 25,25,25) (S 42,42,42) (S 31,42,43) (S 43,43,43) (S 36,36,36) (D 0,1,1)
 0 1 11 543 1269 4 (D 0,1,1) (S 27,36,43) (S 33,43,42) (D 0,1,1)
