55745
25
 0 1 1 1636 2060 9 (D 0,38,38) (S 62,38,52) (S 52,52,52) (S 96,52,53) (S 53,53,53) (S 98,53,52) (S 64,39,23) (S 28,20,19) (D 0,38,38)
 0 1 2 1641 1971 10 (D 0,38,38) (S 95,52,51) (S 51,51,51) (S 93,51,37) (S 37,37,37) (S 61,37,38) (S 99,53,54) (S 104,54,66) (S 125,66,65) (D 0,38,38)
 0 1 3 1648 2147 9 (D 0,38,38) (S 54,54,54) (S 66,66,66) (S 123,65,53) (S 97,53,39) (S 65,39,38) (S 63,39,22) (S 6,4,5) (D 0,38,38)
 0 1 4 1648 2209 11 (D 0,38,38) (S 39,39,39) (S 66,39,52) (S 94,51,63) (S 63,63,63) (S 121,63,64) (S 122,64,65) (S 124,65,54) (S 68,40,39) (S 70,41,54) (D 0,38,38)
 0 1 5 1632 2048 8 (D 0,38,38) (S 100,54,40) (S 40,40,40) (S 67,40,24) (S 24,24,24) (S 36,24,8) (S 11,8,9) (D 0,38,38)
 0 1 6 1631 2283 10 (D 0,38,38) (S 103,54,65) (S 102,54,55) (S 105,55,67) (S 127,67,68) (S 68,68,68) (S 128,68,56) (S 106,56,42) (S 48,29,13) (D 0,38,38)
 0 1 7 1642 2283 10 (D 0,38,38) (S 120,63,62) (S 62,62,62) (S 116,62,50) (S 92,50,51) (S 118,63,51) (S 117,62,61) (S 88,49,35) (S 18,18,18) (D 0,38,38)
 0 1 8 1647 2637 11 (D 0,38,38) (S 101,54,41) (S 41,41,41) (S 71,41,55) (S 126,67,66) (S 69,41,40) (S 8,8,8) (S 13,10,11) (S 14,11,12) (S 21,16,1) (D 0,38,38)
 0 1 9 1634 2277 8 (D 0,38,38) (S 119,63,52) (S 34,23,7) (S 7,7,7) (S 12,9,10) (S 11,11,11) (S 81,45,57) (D 0,38,38)
 0 1 10 1597 2128 9 (D 0,38,38) (S 35,23,39) (S 33,22,23) (S 32,22,21) (S 21,21,21) (S 30,21,20) (S 19,19,19) (S 9,6,20) (D 0,38,38)
 0 1 11 1633 2215 9 (D 0,38,38) (S 72,41,56) (S 42,42,42) (S 73,42,41) (S 38,24,39) (S 6,6,6) (S 31,21,37) (S 91,50,37) (D 0,38,38)
 0 1 12 1588 2039 9 (D 0,38,38) (S 90,50,36) (S 58,36,20) (S 27,20,5) (S 5,5,5) (S 7,5,6) (S 10,6,21) (S 25,19,4) (D 0,38,38)
 0 1 13 1642 2292 9 (D 0,38,38) (S 112,61,49) (S 49,49,49) (S 89,49,50) (S 60,36,37) (S 37,24,9) (S 16,12,28) (S 47,28,27) (D 0,38,38)
 0 1 14 1637 2312 10 (D 0,38,38) (S 115,61,62) (S 113,61,50) (S 59,36,35) (S 57,35,34) (S 55,34,18) (S 24,18,17) (S 23,17,16) (S 2,2,3) (D 0,38,38)
 0 1 15 1613 2522 9 (D 0,38,38) (S 114,61,60) (S 111,60,48) (S 86,48,34) (S 56,34,48) (S 87,48,49) (S 29,20,35) (S 5,3,18) (D 0,38,38)
 0 1 16 1599 2265 11 (D 0,38,38) (S 74,42,43) (S 76,44,28) (S 28,28,28) (S 27,27,27) (S 45,27,26) (S 42,26,25) (S 40,25,41) (S 77,44,45) (S 78,45,29) (D 0,38,38)
 0 1 17 1642 2242 9 (D 0,38,38) (S 8,6,7) (S 15,12,13) (S 17,13,14) (S 14,14,14) (S 19,14,30) (S 30,30,30) (S 50,30,29) (D 0,38,38)
 0 1 18 1640 2296 8 (D 0,38,38) (S 26,19,35) (S 1,1,1) (S 1,1,2) (S 2,2,2) (S 3,2,17) (S 53,32,59) (D 0,38,38)
 0 1 19 1584 2178 9 (D 0,38,38) (S 45,45,45) (S 80,45,46) (S 46,46,46) (S 83,46,47) (S 47,47,47) (S 84,47,31) (S 129,69,56) (D 0,38,38)
 0 1 20 1589 2507 8 (D 0,38,38) (S 75,43,69) (S 130,69,68) (S 79,45,44) (S 44,27,11) (S 46,27,43) (S 85,47,58) (D 0,38,38)
 0 1 21 1581 2524 7 (D 0,38,38) (S 108,57,70) (S 131,70,69) (S 82,46,30) (S 49,29,28) (S 133,71,58) (D 0,38,38)
 0 1 22 1625 2334 7 (D 0,38,38) (S 107,57,45) (S 58,58,58) (S 109,58,57) (S 132,70,71) (S 71,71,71) (D 0,38,38)
 0 1 23 1594 2115 7 (D 0,38,38) (S 18,14,15) (S 15,15,15) (S 20,15,31) (S 51,31,30) (S 43,26,42) (D 0,38,38)
 0 1 24 1644 2842 8 (D 0,38,38) (S 41,26,10) (S 39,25,9) (S 22,16,32) (S 52,32,33) (S 54,33,34) (S 4,3,4) (D 0,38,38)
 0 1 25 441 1019 4 (D 0,38,38) (S 33,33,33) (S 110,59,60) (D 0,38,38)
