26424
24
 0 1 1 148 506 10 (D 0,1,1) (S 67,1,116) (S 116,116,116) (S 142,116,1) (S 68,116,117) (S 144,117,2) (S 69,2,117) (S 143,117,116) (S 70,117,119) (D 0,1,1)
 0 1 2 150 777 12 (D 0,1,1) (S 119,119,119) (S 145,119,117) (S 122,122,122) (S 126,87,86) (S 86,86,86) (S 51,86,87) (S 125,86,85) (S 124,85,84) (S 49,84,85) (S 101,46,43) (D 0,1,1)
 0 1 3 149 833 16 (D 0,1,1) (S 141,114,113) (S 140,113,112) (S 65,112,113) (S 66,113,114) (S 139,112,107) (S 61,107,110) (S 110,110,110) (S 62,110,111) (S 137,111,110) (S 136,110,107) (S 64,107,112) (S 138,112,110) (S 63,110,112) (S 38,67,69) (D 0,1,1)
 0 1 4 148 630 10 (D 0,1,1) (S 59,107,108) (S 134,108,107) (S 133,107,106) (S 132,106,105) (S 131,105,104) (S 56,104,105) (S 57,105,106) (S 58,106,107) (D 0,1,1)
 0 1 5 148 906 7 (D 0,1,1) (S 71,114,118) (S 146,118,114) (S 130,104,102) (S 107,63,62) (S 113,69,67) (D 0,1,1)
 0 1 6 150 1090 9 (D 0,1,1) (S 72,124,126) (S 147,126,124) (S 129,129,129) (S 73,126,130) (S 130,130,130) (S 50,85,86) (S 100,45,34) (D 0,1,1)
 0 1 7 148 731 12 (D 0,1,1) (S 123,84,82) (S 83,83,83) (S 48,82,84) (S 122,82,80) (S 121,80,79) (S 120,79,78) (S 45,78,79) (S 46,79,80) (S 47,80,82) (S 92,92,92) (D 0,1,1)
 0 1 8 150 1079 15 (D 0,1,1) (S 55,102,104) (S 62,62,62) (S 32,62,63) (S 33,63,64) (S 108,64,63) (S 34,64,65) (S 109,65,64) (S 106,56,55) (S 31,55,56) (S 105,55,54) (S 30,54,55) (S 74,55,140) (S 25,34,45) (D 0,1,1)
 0 1 9 149 1272 9 (D 0,1,1) (S 133,133,133) (S 135,135,135) (S 148,130,126) (S 119,78,77) (S 44,77,78) (S 118,77,46) (S 54,97,98) (D 0,1,1)
 0 1 10 148 903 12 (D 0,1,1) (S 112,68,67) (S 67,67,67) (S 37,67,68) (S 39,69,71) (S 114,71,69) (S 40,71,72) (S 115,72,71) (S 41,72,73) (S 116,73,72) (S 24,44,45) (D 0,1,1)
 0 1 11 147 1337 8 (D 0,1,1) (S 60,108,109) (S 95,95,95) (S 52,95,96) (S 127,96,95) (S 129,98,97) (S 103,49,48) (D 0,1,1)
 0 1 12 150 1338 8 (D 0,1,1) (S 36,66,67) (S 111,67,66) (S 110,66,62) (S 35,62,66) (S 26,43,46) (S 88,29,28) (D 0,1,1)
 0 1 13 150 977 9 (D 0,1,1) (S 47,47,47) (S 43,46,77) (S 97,43,37) (S 22,37,43) (S 23,43,44) (S 99,45,44) (S 93,37,36) (D 0,1,1)
 0 1 14 150 1281 9 (D 0,1,1) (S 75,75,75) (S 117,73,44) (S 60,60,60) (S 48,48,48) (S 28,48,49) (S 149,140,55) (S 14,28,30) (D 0,1,1)
 0 1 15 147 1187 9 (D 0,1,1) (S 53,96,97) (S 128,97,96) (S 104,140,49) (S 29,49,140) (S 102,139,33) (S 33,33,33) (S 27,33,139) (D 0,1,1)
 0 1 16 149 1056 10 (D 0,1,1) (S 18,36,37) (S 19,36,38) (S 20,38,39) (S 95,39,38) (S 21,39,40) (S 96,40,39) (S 94,38,36) (S 98,44,43) (D 0,1,1)
 0 1 17 150 1327 8 (D 0,1,1) (S 42,44,73) (S 17,34,139) (S 91,33,11) (S 16,11,33) (S 6,12,13) (S 13,28,29) (D 0,1,1)
 0 1 18 150 1487 6 (D 0,1,1) (S 135,109,108) (S 5,11,12) (S 81,13,12) (S 8,20,22) (D 0,1,1)
 0 1 19 148 1243 10 (D 0,1,1) (S 92,139,34) (S 28,28,28) (S 30,30,30) (S 89,30,28) (S 87,28,27) (S 12,27,28) (S 86,27,25) (S 85,25,24) (D 0,1,1)
 0 1 20 143 1281 8 (D 0,1,1) (S 79,11,8) (S 77,8,6) (S 2,6,8) (S 7,7,7) (S 76,6,5) (S 9,9,9) (D 0,1,1)
 0 1 21 147 1287 8 (D 0,1,1) (S 75,11,27) (S 11,25,27) (S 10,24,25) (S 84,24,20) (S 83,22,20) (S 80,12,11) (D 0,1,1)
 0 1 22 125 1280 7 (D 0,1,1) (S 7,13,14) (S 82,14,13) (S 9,20,24) (S 15,30,32) (S 90,32,30) (D 0,1,1)
 0 1 23 130 1216 6 (D 0,1,1) (S 5,5,5) (S 1,5,6) (S 3,8,9) (S 78,9,8) (D 0,1,1)
 0 1 24 139 1400 5 (D 0,1,1) (S 150,27,11) (S 4,8,11) (S 21,21,21) (D 0,1,1)
