633
9
 0 1 1 27 53 6 (D 0,1,1) (S 2,2,2) (S 34,2,1) (S 21,1,17) (S 13,13,13) (D 0,1,1)
 0 1 2 27 55 6 (D 0,1,1) (S 24,24,24) (S 20,24,27) (S 26,26,26) (S 23,23,23) (D 0,1,1)
 0 1 3 27 98 7 (D 0,1,1) (S 3,3,3) (S 22,3,8) (S 35,12,13) (S 25,25,25) (S 29,16,17) (D 0,1,1)
 0 1 4 26 65 6 (D 0,1,1) (S 15,15,15) (S 24,20,21) (S 25,21,22) (S 26,23,26) (D 0,1,1)
 0 1 5 26 62 5 (D 0,1,1) (S 6,6,6) (S 27,6,10) (S 32,10,11) (D 0,1,1)
 0 1 6 25 57 5 (D 0,1,1) (S 14,14,14) (S 18,18,18) (S 22,22,22) (D 0,1,1)
 0 1 7 26 85 6 (D 0,1,1) (S 28,22,23) (S 33,18,21) (S 23,21,23) (S 31,14,20) (D 0,1,1)
 0 1 8 24 108 6 (D 0,1,1) (S 5,5,5) (S 7,7,7) (S 19,8,9) (S 30,14,16) (D 0,1,1)
 0 1 9 22 50 3 (D 0,1,1) (S 4,4,4) (D 0,1,1)
