1438
8
 0 1 1 75 115 13 (D 0,1,1) (S 62,1,2) (S 2,2,2) (S 78,3,2) (S 10,10,10) (S 15,15,15) (S 14,14,14) (S 50,14,24) (S 24,24,24) (S 23,23,23) (S 37,23,14) (S 29,7,8) (D 0,1,1)
 0 1 2 75 133 14 (D 0,1,1) (S 44,1,7) (S 34,8,7) (S 27,7,1) (S 36,3,4) (S 4,4,4) (S 42,4,10) (S 11,11,11) (S 17,17,17) (S 20,20,20) (S 72,20,17) (S 19,19,19) (S 16,16,16) (D 0,1,1)
 0 1 3 75 182 12 (D 0,1,1) (S 41,2,8) (S 49,8,2) (S 63,16,15) (S 39,19,20) (S 27,27,27) (S 74,27,21) (S 83,22,28) (S 73,28,22) (S 33,11,5) (S 77,6,12) (D 0,1,1)
 0 1 4 75 216 13 (D 0,1,1) (S 12,12,12) (S 82,12,11) (S 43,18,22) (S 47,28,27) (S 53,27,20) (S 26,26,26) (S 25,25,25) (S 64,25,26) (S 61,26,32) (S 26,32,26) (S 34,34,34) (D 0,1,1)
 0 1 5 75 223 12 (D 0,1,1) (S 80,24,14) (S 51,23,29) (S 29,29,29) (S 30,30,30) (S 32,30,29) (S 38,29,23) (S 55,23,13) (S 69,13,23) (S 75,13,7) (S 30,39,40) (D 0,1,1)
 0 1 6 74 225 16 (D 0,1,1) (S 45,13,14) (S 70,31,35) (S 35,35,35) (S 65,35,36) (S 40,40,40) (S 39,39,39) (S 81,39,36) (S 52,40,41) (S 35,41,40) (S 60,41,37) (S 40,37,33) (S 28,33,27) (S 79,32,36) (S 57,37,41) (D 0,1,1)
 0 1 7 73 267 13 (D 0,1,1) (S 66,26,19) (S 59,31,32) (S 54,36,37) (S 46,37,36) (S 31,36,35) (S 76,34,38) (S 48,38,34) (S 56,34,29) (S 58,29,34) (S 68,38,39) (S 71,39,35) (D 0,1,1)
 0 1 8 7 77 3 (D 0,1,1) (S 67,36,32) (D 0,1,1)
