381
8
 0 1 1 27 39 10 (D 0,1,1) (S 33,1,8) (S 8,8,8) (S 36,1,4) (S 4,4,4) (S 18,4,6) (S 6,6,6) (S 22,4,5) (S 26,3,5) (D 0,1,1)
 0 1 2 27 36 5 (D 0,1,1) (S 2,2,2) (S 28,2,6) (S 29,3,11) (D 0,1,1)
 0 1 3 27 38 6 (D 0,1,1) (S 40,1,7) (S 7,7,7) (S 9,9,9) (S 41,3,6) (D 0,1,1)
 0 1 4 27 52 7 (D 0,1,1) (S 10,10,10) (S 3,3,3) (S 5,5,5) (S 16,4,9) (S 21,1,3) (D 0,1,1)
 0 1 5 27 44 6 (D 0,1,1) (S 39,1,6) (S 17,2,11) (S 27,1,5) (S 30,7,11) (D 0,1,1)
 0 1 6 27 53 7 (D 0,1,1) (S 24,4,10) (S 14,10,11) (S 34,2,7) (S 32,9,10) (S 37,4,7) (D 0,1,1)
 0 1 7 27 64 7 (D 0,1,1) (S 42,4,11) (S 19,3,8) (S 35,8,11) (S 25,2,3) (S 31,6,10) (D 0,1,1)
 0 1 8 19 55 6 (D 0,1,1) (S 20,6,7) (S 15,5,6) (S 23,6,9) (S 38,5,9) (D 0,1,1)
