51478
19
 0 1 1 1959 2248 10 (D 0,1,1) (S 1,1,2) (S 2,2,2) (S 2,2,3) (S 3,3,3) (S 4,4,4) (S 4,4,5) (S 5,5,5) (S 15,15,15) (D 0,1,1)
 0 1 2 1974 2371 10 (D 0,1,1) (S 12,12,12) (S 12,11,10) (S 10,10,10) (S 11,10,19) (S 24,19,20) (S 21,21,21) (S 26,21,22) (S 28,22,23) (D 0,1,1)
 0 1 3 1981 2967 14 (D 0,1,1) (S 13,11,20) (S 25,20,19) (S 23,19,10) (S 3,3,12) (S 27,22,13) (S 13,13,13) (S 15,13,14) (S 16,14,13) (S 14,13,12) (S 25,25,25) (S 31,25,26) (S 70,51,50) (D 0,1,1)
 0 1 4 1986 2426 9 (D 0,1,1) (S 5,5,6) (S 6,6,6) (S 7,6,15) (S 18,15,14) (S 6,6,7) (S 7,7,7) (S 9,7,16) (D 0,1,1)
 0 1 5 1966 2721 13 (D 0,1,1) (S 8,7,8) (S 8,8,8) (S 10,8,9) (S 17,17,17) (S 20,17,8) (S 21,17,16) (S 19,16,15) (S 17,15,6) (S 32,25,34) (S 33,33,33) (S 42,33,24) (D 0,1,1)
 0 1 6 1948 2344 9 (D 0,1,1) (S 24,24,24) (S 30,24,25) (S 34,34,34) (S 45,34,33) (S 43,33,32) (S 32,32,32) (S 31,31,31) (D 0,1,1)
 0 1 7 1971 2750 11 (D 0,1,1) (S 29,23,24) (S 26,26,26) (S 27,27,27) (S 35,27,18) (S 22,17,18) (S 33,26,17) (S 34,26,35) (S 41,33,23) (S 37,29,20) (D 0,1,1)
 0 1 8 1963 2424 8 (D 0,1,1) (S 39,39,39) (S 48,48,48) (S 66,48,55) (S 55,55,55) (S 56,56,56) (S 77,56,49) (D 0,1,1)
 0 1 9 1983 2687 10 (D 0,1,1) (S 39,30,21) (S 50,39,40) (S 49,49,49) (S 68,49,56) (S 78,56,57) (S 57,57,57) (S 80,57,58) (S 84,59,52) (D 0,1,1)
 0 1 10 1960 2821 12 (D 0,1,1) (S 49,39,31) (S 38,29,38) (S 52,40,41) (S 53,41,32) (S 40,32,23) (S 35,35,35) (S 46,35,34) (S 44,33,43) (S 43,43,43) (S 44,44,44) (D 0,1,1)
 0 1 11 1969 2971 11 (D 0,1,1) (S 47,47,47) (S 46,46,46) (S 64,46,37) (S 51,40,31) (S 36,28,19) (S 36,36,36) (S 48,36,45) (S 45,45,45) (S 86,60,59) (D 0,1,1)
 0 1 12 1958 2642 12 (D 0,1,1) (S 67,49,48) (S 76,55,63) (S 63,63,63) (S 91,63,70) (S 70,70,70) (S 101,70,71) (S 71,71,71) (S 72,72,72) (S 103,72,73) (S 94,65,57) (D 0,1,1)
 0 1 13 1969 2773 11 (D 0,1,1) (S 54,41,42) (S 56,42,51) (S 51,51,51) (S 50,50,50) (S 69,50,41) (S 55,42,43) (S 58,43,34) (S 57,43,33) (S 61,44,35) (D 0,1,1)
 0 1 14 1956 2765 10 (D 0,1,1) (S 75,55,54) (S 54,54,54) (S 73,54,47) (S 65,46,53) (S 74,54,55) (S 62,62,62) (S 89,62,54) (S 68,68,68) (D 0,1,1)
 0 1 15 1943 2800 10 (D 0,1,1) (S 47,36,35) (S 60,43,44) (S 62,44,45) (S 63,45,60) (S 60,60,60) (S 59,59,59) (S 58,58,58) (S 96,65,72) (D 0,1,1)
 0 1 16 1978 2839 10 (D 0,1,1) (S 59,43,42) (S 79,57,50) (S 83,58,66) (S 97,66,65) (S 65,65,65) (S 95,65,64) (S 64,64,64) (S 93,64,70) (D 0,1,1)
 0 1 17 1943 2657 9 (D 0,1,1) (S 61,61,61) (S 88,61,68) (S 98,68,69) (S 69,69,69) (S 100,69,70) (S 102,71,64) (S 82,58,59) (D 0,1,1)
 0 1 18 1987 3190 9 (D 0,1,1) (S 90,62,69) (S 99,69,62) (S 87,61,53) (S 81,58,51) (S 67,67,67) (S 72,52,51) (S 105,73,74) (D 0,1,1)
 0 1 19 1764 3082 10 (D 0,1,1) (S 73,73,73) (S 74,74,74) (S 106,74,67) (S 71,52,43) (S 85,60,45) (S 92,64,56) (S 104,73,66) (S 75,75,75) (D 0,1,1)
