1030
8
 0 1 1 70 112 14 (D 0,1,1) (S 59,1,9) (S 9,9,9) (S 14,14,14) (S 77,23,15) (S 15,15,15) (S 24,24,24) (S 29,29,29) (S 30,30,30) (S 53,30,39) (S 31,31,31) (S 32,32,32) (S 57,18,19) (D 0,1,1)
 0 1 2 70 115 13 (D 0,1,1) (S 5,5,5) (S 92,5,6) (S 6,6,6) (S 7,7,7) (S 12,12,12) (S 11,11,11) (S 60,11,12) (S 66,11,6) (S 2,2,2) (S 84,2,3) (S 62,23,24) (D 0,1,1)
 0 1 3 70 108 10 (D 0,1,1) (S 68,1,16) (S 16,16,16) (S 17,17,17) (S 10,10,10) (S 76,10,17) (S 86,32,31) (S 83,31,39) (S 87,29,24) (D 0,1,1)
 0 1 4 70 132 11 (D 0,1,1) (S 3,3,3) (S 4,4,4) (S 65,19,32) (S 39,39,39) (S 38,38,38) (S 61,36,38) (S 35,35,35) (S 52,37,38) (S 27,27,27) (D 0,1,1)
 0 1 5 70 115 15 (D 0,1,1) (S 13,13,13) (S 21,21,21) (S 22,22,22) (S 55,22,14) (S 85,14,22) (S 64,22,13) (S 88,20,25) (S 25,25,25) (S 50,25,33) (S 33,33,33) (S 93,33,34) (S 67,34,35) (S 36,36,36) (D 0,1,1)
 0 1 6 69 142 17 (D 0,1,1) (S 28,28,28) (S 56,28,27) (S 51,27,35) (S 81,35,43) (S 43,43,43) (S 41,41,41) (S 44,44,44) (S 82,44,37) (S 49,37,29) (S 74,29,23) (S 72,23,29) (S 46,46,46) (S 70,46,45) (S 49,49,49) (S 89,49,50) (D 0,1,1)
 0 1 7 70 176 13 (D 0,1,1) (S 79,16,1) (S 69,15,16) (S 80,16,15) (S 73,26,25) (S 91,13,8) (S 8,8,8) (S 71,39,47) (S 78,47,40) (S 75,50,49) (S 90,49,48) (S 48,48,48) (D 0,1,1)
 0 1 8 47 130 7 (D 0,1,1) (S 45,45,45) (S 63,43,35) (S 54,43,48) (S 58,48,43) (S 48,47,39) (D 0,1,1)
