573
8
 0 1 1 27 90 11 (D 0,1,1) (S 19,19,19) (S 29,2,12) (S 32,12,13) (S 34,13,14) (S 14,14,14) (S 21,21,21) (S 25,25,25) (S 16,16,16) (S 24,1,24) (D 0,1,1)
 0 1 2 26 59 6 (D 0,1,1) (S 13,1,17) (S 15,15,15) (S 28,15,20) (S 18,18,18) (D 0,1,1)
 0 1 3 25 59 7 (D 0,1,1) (S 17,2,1) (S 3,3,3) (S 15,3,6) (S 33,6,10) (S 27,4,10) (D 0,1,1)
 0 1 4 27 53 6 (D 0,1,1) (S 27,27,27) (S 26,26,26) (S 23,23,23) (S 31,22,23) (D 0,1,1)
 0 1 5 27 81 7 (D 0,1,1) (S 14,1,15) (S 18,13,15) (S 21,14,21) (S 16,21,23) (S 23,22,25) (D 0,1,1)
 0 1 6 25 65 6 (D 0,1,1) (S 26,3,8) (S 8,8,8) (S 5,5,5) (S 35,5,9) (D 0,1,1)
 0 1 7 26 63 6 (D 0,1,1) (S 30,3,4) (S 4,4,4) (S 12,4,5) (S 20,6,8) (D 0,1,1)
 0 1 8 21 103 6 (D 0,1,1) (S 7,7,7) (S 22,10,11) (S 25,14,20) (S 19,21,25) (D 0,1,1)
