407
10
 0 1 1 27 29 4 (D 0,1,1) (S 42,1,4) (S 4,4,4) (D 0,1,1)
 0 1 2 27 39 6 (D 0,1,1) (S 2,2,2) (S 19,4,6) (S 37,6,11) (S 34,3,11) (D 0,1,1)
 0 1 3 27 44 7 (D 0,1,1) (S 8,8,8) (S 7,7,7) (S 24,3,7) (S 41,7,8) (S 28,4,9) (D 0,1,1)
 0 1 4 27 42 5 (D 0,1,1) (S 11,11,11) (S 3,3,3) (S 26,6,10) (D 0,1,1)
 0 1 5 27 40 6 (D 0,1,1) (S 35,2,4) (S 6,6,6) (S 31,6,8) (S 33,7,11) (D 0,1,1)
 0 1 6 27 42 6 (D 0,1,1) (S 9,9,9) (S 22,7,9) (S 5,5,5) (S 30,5,10) (D 0,1,1)
 0 1 7 25 45 6 (D 0,1,1) (S 10,10,10) (S 36,1,5) (S 21,3,9) (S 39,2,7) (D 0,1,1)
 0 1 8 25 51 6 (D 0,1,1) (S 38,8,9) (S 20,9,11) (S 23,4,7) (S 29,3,8) (D 0,1,1)
 0 1 9 23 57 6 (D 0,1,1) (S 40,2,3) (S 32,5,9) (S 25,8,11) (S 18,6,7) (D 0,1,1)
 0 1 10 6 18 3 (D 0,1,1) (S 27,2,5) (D 0,1,1)
