23659
11
67579921
14783515
 0 1 1 1703 2479 14 (D 0,1,1) (S 1,1,2) (S 2,2,1) (S 4,2,8) (S 13,8,7) (S 9,7,1) (S 3,2,3) (S 5,3,8) (S 14,8,9) (S 16,9,16) (S 33,16,15) (S 41,20,15) (S 39,19,18) (D 0,1,1)
 0 1 2 1687 2157 11 (D 0,1,1) (S 10,7,14) (S 14,14,14) (S 27,14,15) (S 30,15,16) (S 16,16,16) (S 15,9,3) (S 10,10,10) (S 19,10,17) (S 42,21,20) (D 0,1,1)
 0 1 3 1705 2418 8 (D 0,1,1) (S 11,8,2) (S 12,8,3) (S 6,4,5) (S 7,5,6) (S 6,6,6) (S 53,30,31) (D 0,1,1)
 0 1 4 1666 2111 7 (D 0,1,1) (S 26,14,8) (S 29,15,14) (S 28,14,21) (S 21,21,21) (S 48,26,27) (D 0,1,1)
 0 1 5 1704 2278 8 (D 0,1,1) (S 31,15,20) (S 22,22,22) (S 43,22,21) (S 32,16,9) (S 18,10,11) (S 37,18,19) (D 0,1,1)
 0 1 6 1706 2313 9 (D 0,1,1) (S 17,17,17) (S 35,17,18) (S 18,18,18) (S 36,18,10) (S 17,10,3) (S 21,11,10) (S 24,12,19) (D 0,1,1)
 0 1 7 1677 2412 9 (D 0,1,1) (S 20,11,5) (S 25,13,12) (S 12,12,12) (S 22,12,11) (S 34,17,10) (S 19,19,19) (S 54,31,25) (D 0,1,1)
 0 1 8 1681 2305 8 (D 0,1,1) (S 23,23,23) (S 44,23,24) (S 30,30,30) (S 31,31,31) (S 55,31,30) (S 46,25,19) (D 0,1,1)
 0 1 9 1680 2339 8 (D 0,1,1) (S 49,27,23) (S 45,24,25) (S 25,25,25) (S 47,25,24) (S 29,29,29) (S 52,29,28) (D 0,1,1)
 0 1 10 1462 2276 8 (D 0,1,1) (S 50,27,29) (S 28,28,28) (S 51,28,29) (S 38,19,12) (S 23,12,13) (S 40,19,25) (D 0,1,1)
 0 1 11 268 571 3 (D 0,1,1) (S 8,6,5) (D 0,1,1)
