17293
7
39548015
8289562
 0 1 1 1791 2360 9 (D 0,1,1) (S 2,2,2) (S 1,2,1) (S 11,11,11) (S 17,11,12) (S 15,15,15) (S 26,15,16) (S 20,13,12) (D 0,1,1)
 0 1 2 1795 2424 10 (D 0,1,1) (S 2,2,6) (S 9,6,2) (S 3,3,4) (S 4,4,4) (S 6,4,5) (S 5,5,5) (S 7,5,4) (S 8,5,10) (D 0,1,1)
 0 1 3 1788 2669 10 (D 0,1,1) (S 10,7,2) (S 11,7,12) (S 19,12,11) (S 18,12,7) (S 8,8,8) (S 13,8,13) (S 22,13,16) (S 21,13,14) (D 0,1,1)
 0 1 4 1728 2576 10 (D 0,1,1) (S 5,4,3) (S 4,3,8) (S 14,9,8) (S 10,10,10) (S 16,10,9) (S 15,10,5) (S 17,17,17) (S 29,16,17) (D 0,1,1)
 0 1 5 1728 2292 8 (D 0,1,1) (S 27,15,19) (S 19,19,19) (S 33,19,15) (S 25,15,12) (S 16,16,16) (S 36,20,19) (D 0,1,1)
 0 1 6 1785 2598 8 (D 0,1,1) (S 12,8,7) (S 34,19,18) (S 32,18,19) (S 35,19,20) (S 21,21,21) (S 37,21,20) (D 0,1,1)
 0 1 7 1541 2374 7 (D 0,1,1) (S 31,18,11) (S 28,16,15) (S 30,17,14) (S 24,14,13) (S 23,14,10) (D 0,1,1)
