553
9
 0 1 1 27 61 9 (D 0,1,1) (S 31,1,19) (S 12,12,12) (S 2,2,2) (S 24,12,19) (S 35,4,10) (S 30,5,9) (S 13,13,13) (D 0,1,1)
 0 1 2 27 54 6 (D 0,1,1) (S 4,4,4) (S 5,5,5) (S 34,2,1) (S 27,27,27) (D 0,1,1)
 0 1 3 27 60 8 (D 0,1,1) (S 24,24,24) (S 8,8,8) (S 36,8,24) (S 23,23,23) (S 22,22,22) (S 39,25,26) (D 0,1,1)
 0 1 4 27 61 6 (D 0,1,1) (S 3,3,3) (S 28,3,6) (S 29,6,8) (S 26,3,4) (D 0,1,1)
 0 1 5 24 76 5 (D 0,1,1) (S 6,6,6) (S 37,10,11) (S 23,16,17) (D 0,1,1)
 0 1 6 26 61 5 (D 0,1,1) (S 15,15,15) (S 33,13,15) (S 14,14,14) (D 0,1,1)
 0 1 7 26 67 5 (D 0,1,1) (S 21,4,6) (S 25,26,27) (S 27,23,24) (D 0,1,1)
 0 1 8 27 59 5 (D 0,1,1) (S 32,18,21) (S 21,21,21) (S 20,20,20) (D 0,1,1)
 0 1 9 12 54 4 (D 0,1,1) (S 22,18,25) (S 38,14,20) (D 0,1,1)
