593
9
 0 1 1 27 78 10 (D 0,1,1) (S 33,1,19) (S 12,12,12) (S 2,2,2) (S 26,2,1) (S 10,10,10) (S 24,4,19) (S 23,1,24) (S 28,13,14) (D 0,1,1)
 0 1 2 27 45 5 (D 0,1,1) (S 4,4,4) (S 5,5,5) (S 22,5,9) (D 0,1,1)
 0 1 3 27 70 7 (D 0,1,1) (S 17,17,17) (S 37,15,17) (S 17,15,20) (S 20,20,20) (S 19,21,22) (D 0,1,1)
 0 1 4 27 83 8 (D 0,1,1) (S 27,1,27) (S 8,8,8) (S 29,8,24) (S 25,24,27) (S 38,26,27) (S 34,16,17) (D 0,1,1)
 0 1 5 27 65 6 (D 0,1,1) (S 3,3,3) (S 36,3,6) (S 7,7,7) (S 18,8,9) (D 0,1,1)
 0 1 6 24 63 5 (D 0,1,1) (S 6,6,6) (S 30,6,9) (S 20,23,26) (D 0,1,1)
 0 1 7 24 58 5 (D 0,1,1) (S 39,13,15) (S 14,14,14) (S 35,14,18) (D 0,1,1)
 0 1 8 26 73 6 (D 0,1,1) (S 22,22,22) (S 31,23,24) (S 18,18,18) (S 21,21,21) (D 0,1,1)
 0 1 9 14 58 4 (D 0,1,1) (S 32,3,8) (S 21,21,23) (D 0,1,1)
