36062
17
217288218
156757925
 0 1 1 1642 1941 8 (D 0,11,11) (S 2,2,2) (S 1,1,1) (S 10,10,10) (S 21,21,21) (S 22,22,22) (S 33,33,33) (D 0,11,11)
 0 1 2 1624 1923 7 (D 0,11,11) (S 12,12,12) (S 23,23,23) (S 24,24,24) (S 25,25,25) (S 26,26,26) (D 0,11,11)
 0 1 3 1596 2118 9 (D 0,11,11) (S 13,13,13) (S 14,14,14) (S 15,15,15) (S 16,16,16) (S 6,6,6) (S 5,5,5) (S 17,17,17) (D 0,11,11)
 0 1 4 1631 2417 10 (D 0,11,11) (S 3,3,3) (S 4,4,4) (S 7,7,7) (S 8,8,8) (S 9,9,9) (S 20,20,20) (S 31,31,31) (S 47,47,47) (D 0,11,11)
 0 1 5 1626 2180 9 (D 0,11,11) (S 34,34,34) (S 35,35,35) (S 44,44,44) (S 55,55,55) (S 56,56,56) (S 66,66,66) (S 87,87,87) (D 0,11,11)
 0 1 6 1604 2193 9 (D 0,11,11) (S 32,32,32) (S 52,52,52) (S 72,72,72) (S 85,85,85) (S 86,86,86) (S 74,74,74) (S 75,75,75) (D 0,11,11)
 0 1 7 1600 2096 6 (D 0,11,11) (S 53,53,53) (S 54,54,54) (S 65,65,65) (S 67,67,67) (D 0,11,11)
 0 1 8 1617 2177 7 (D 0,11,11) (S 73,73,73) (S 76,76,76) (S 77,77,77) (S 78,78,78) (S 58,58,58) (D 0,11,11)
 0 1 9 1627 2135 8 (D 0,11,11) (S 36,36,36) (S 37,37,37) (S 38,38,38) (S 39,39,39) (S 40,40,40) (S 41,41,41) (D 0,11,11)
 0 1 10 1613 2179 7 (D 0,11,11) (S 27,27,27) (S 28,28,28) (S 29,29,29) (S 30,30,30) (S 19,19,19) (D 0,11,11)
 0 1 11 1608 2191 8 (D 0,11,11) (S 45,45,45) (S 46,46,46) (S 57,57,57) (S 68,68,68) (S 69,69,69) (S 60,60,60) (D 0,11,11)
 0 1 12 1635 2485 9 (D 0,11,11) (S 18,18,18) (S 42,42,42) (S 51,51,51) (S 62,62,62) (S 63,63,63) (S 83,83,83) (S 92,92,92) (D 0,11,11)
 0 1 13 1555 2176 8 (D 0,11,11) (S 48,48,48) (S 49,49,49) (S 50,50,50) (S 61,61,61) (S 71,71,71) (S 70,70,70) (D 0,11,11)
 0 1 14 1537 2256 7 (D 0,11,11) (S 59,59,59) (S 79,79,79) (S 80,80,80) (S 81,81,81) (S 82,82,82) (D 0,11,11)
 0 1 15 1496 2197 6 (D 0,11,11) (S 88,88,88) (S 89,89,89) (S 90,90,90) (S 91,91,91) (D 0,11,11)
 0 1 16 1267 2129 6 (D 0,11,11) (S 43,43,43) (S 64,64,64) (S 84,84,84) (S 94,94,94) (D 0,11,11)
 0 1 17 487 1269 3 (D 0,11,11) (S 93,93,93) (D 0,11,11)
