45007
46
300312695
173039736
 0 1 1 129 543 11 (D 0,1,1) (S 1,1,2) (S 2,2,2) (S 2,2,3) (S 100,3,2) (S 3,2,4) (S 101,4,2) (S 6,5,7) (S 104,7,5) (S 5,5,6) (D 0,1,1)
 0 1 2 130 516 6 (D 0,1,1) (S 99,2,1) (S 4,4,5) (S 5,5,5) (S 103,6,5) (D 0,1,1)
 0 1 3 129 592 6 (D 0,1,1) (S 82,4,69) (S 179,69,59) (S 81,59,69) (S 178,69,58) (D 0,1,1)
 0 1 4 130 785 9 (D 0,1,1) (S 7,7,8) (S 105,8,7) (S 8,8,9) (S 9,9,9) (S 9,9,10) (S 10,10,11) (S 60,50,52) (D 0,1,1)
 0 1 5 129 703 8 (D 0,1,1) (S 59,59,59) (S 168,59,58) (S 58,58,58) (S 70,58,59) (S 158,52,50) (S 62,52,53) (D 0,1,1)
 0 1 6 130 806 8 (D 0,1,1) (S 102,5,4) (S 194,59,44) (S 44,44,44) (S 51,44,45) (S 52,45,46) (S 57,47,49) (D 0,1,1)
 0 1 7 130 819 10 (D 0,1,1) (S 53,44,46) (S 46,46,46) (S 150,46,45) (S 149,45,44) (S 151,46,44) (S 96,44,59) (S 55,47,48) (S 193,51,21) (D 0,1,1)
 0 1 8 129 909 11 (D 0,1,1) (S 106,9,8) (S 107,10,9) (S 108,11,10) (S 11,11,12) (S 91,12,76) (S 189,76,12) (S 190,76,20) (S 20,20,20) (S 63,52,54) (D 0,1,1)
 0 1 9 130 902 7 (D 0,1,1) (S 80,58,69) (S 72,58,60) (S 60,60,60) (S 74,60,62) (S 95,21,51) (D 0,1,1)
 0 1 10 128 886 7 (D 0,1,1) (S 180,69,4) (S 54,46,47) (S 58,49,50) (S 156,50,49) (S 61,51,53) (D 0,1,1)
 0 1 11 128 808 6 (D 0,1,1) (S 169,59,11) (S 92,20,76) (S 119,20,18) (S 21,18,20) (D 0,1,1)
 0 1 12 129 959 8 (D 0,1,1) (S 97,60,67) (S 195,67,60) (S 170,60,58) (S 78,62,66) (S 176,66,62) (S 164,56,55) (D 0,1,1)
 0 1 13 130 631 9 (D 0,1,1) (S 50,50,50) (S 52,52,52) (S 54,54,54) (S 161,54,52) (S 160,53,52) (S 159,53,51) (S 155,49,47) (D 0,1,1)
 0 1 14 130 940 6 (D 0,1,1) (S 73,60,61) (S 171,61,60) (S 66,66,66) (S 142,40,39) (D 0,1,1)
 0 1 15 127 1027 12 (D 0,1,1) (S 59,49,51) (S 157,51,49) (S 153,48,47) (S 152,47,46) (S 23,21,22) (S 22,22,22) (S 25,22,24) (S 123,24,22) (S 121,22,21) (S 113,15,14) (D 0,1,1)
 0 1 16 130 831 8 (D 0,1,1) (S 167,58,57) (S 166,57,42) (S 49,42,43) (S 43,43,43) (S 147,43,42) (S 44,39,40) (D 0,1,1)
 0 1 17 128 1041 10 (D 0,1,1) (S 172,62,60) (S 75,62,63) (S 76,63,64) (S 174,64,63) (S 77,63,65) (S 175,65,63) (S 66,55,56) (S 145,41,40) (D 0,1,1)
 0 1 18 130 1278 7 (D 0,1,1) (S 148,44,43) (S 68,42,57) (S 146,42,41) (S 144,41,35) (S 86,72,73) (D 0,1,1)
 0 1 19 128 1013 7 (D 0,1,1) (S 98,62,67) (S 196,67,62) (S 65,65,65) (S 47,40,41) (S 143,39,35) (D 0,1,1)
 0 1 20 126 891 12 (D 0,1,1) (S 12,12,16) (S 111,16,13) (S 14,13,14) (S 112,14,13) (S 16,13,77) (S 114,77,13) (S 13,13,16) (S 15,14,15) (S 93,15,77) (S 191,77,15) (D 0,1,1)
 0 1 21 128 990 6 (D 0,1,1) (S 109,12,11) (S 94,76,77) (S 192,77,76) (S 17,15,17) (D 0,1,1)
 0 1 22 129 804 7 (D 0,1,1) (S 187,67,56) (S 165,56,42) (S 41,41,41) (S 40,40,40) (S 45,35,39) (D 0,1,1)
 0 1 23 130 1241 8 (D 0,1,1) (S 163,50,19) (S 65,19,50) (S 162,53,24) (S 64,24,53) (S 125,75,25) (S 182,72,71) (D 0,1,1)
 0 1 24 128 1057 5 (D 0,1,1) (S 71,11,59) (S 120,21,19) (S 29,23,26) (D 0,1,1)
 0 1 25 128 1131 6 (D 0,1,1) (S 56,11,48) (S 24,22,75) (S 188,75,23) (S 42,37,38) (D 0,1,1)
 0 1 26 128 939 6 (D 0,1,1) (S 118,20,19) (S 20,19,20) (S 116,18,15) (S 115,17,15) (D 0,1,1)
 0 1 27 129 1153 9 (D 0,1,1) (S 75,75,75) (S 23,23,23) (S 90,23,75) (S 122,75,22) (S 26,24,25) (S 183,73,71) (S 85,71,73) (D 0,1,1)
 0 1 28 128 1113 6 (D 0,1,1) (S 173,63,62) (S 79,66,68) (S 177,68,66) (S 140,38,37) (D 0,1,1)
 0 1 29 129 1367 7 (D 0,1,1) (S 67,42,56) (S 89,56,67) (S 39,39,39) (S 141,39,37) (S 184,73,72) (D 0,1,1)
 0 1 30 130 1287 7 (D 0,1,1) (S 110,16,12) (S 19,18,19) (S 22,19,21) (S 27,25,75) (S 84,71,72) (D 0,1,1)
 0 1 31 122 1093 7 (D 0,1,1) (S 48,41,42) (S 46,35,41) (S 43,37,39) (S 32,32,32) (S 37,32,33) (D 0,1,1)
 0 1 32 122 923 9 (D 0,1,1) (S 28,25,26) (S 127,26,23) (S 30,26,27) (S 27,27,27) (S 128,27,26) (S 126,26,25) (S 33,25,29) (D 0,1,1)
 0 1 33 117 1008 5 (D 0,1,1) (S 117,19,18) (S 18,15,18) (S 72,72,72) (D 0,1,1)
 0 1 34 124 1106 5 (D 0,1,1) (S 154,48,11) (S 124,25,24) (S 31,26,28) (D 0,1,1)
 0 1 35 128 1124 6 (D 0,1,1) (S 69,57,58) (S 130,29,28) (S 32,28,29) (S 129,28,26) (D 0,1,1)
 0 1 36 118 1048 4 (D 0,1,1) (S 50,43,44) (S 35,23,31) (D 0,1,1)
 0 1 37 122 1271 7 (D 0,1,1) (S 131,29,25) (S 132,31,30) (S 34,30,31) (S 133,31,23) (S 40,33,36) (D 0,1,1)
 0 1 38 117 988 4 (D 0,1,1) (S 88,18,72) (S 87,73,74) (D 0,1,1)
 0 1 39 129 1078 4 (D 0,1,1) (S 137,35,32) (S 38,32,34) (D 0,1,1)
 0 1 40 130 1400 5 (D 0,1,1) (S 139,37,33) (S 135,33,32) (S 185,74,73) (D 0,1,1)
 0 1 41 123 1140 5 (D 0,1,1) (S 36,31,32) (S 34,34,34) (S 138,36,33) (D 0,1,1)
 0 1 42 112 1042 4 (D 0,1,1) (S 181,71,70) (S 83,70,71) (D 0,1,1)
 0 1 43 101 1138 4 (D 0,1,1) (S 134,32,31) (S 136,34,32) (D 0,1,1)
 0 1 44 92 878 3 (D 0,1,1) (S 186,72,18) (D 0,1,1)
 0 1 45 75 902 3 (D 0,1,1) (S 41,33,37) (D 0,1,1)
 0 1 46 86 906 3 (D 0,1,1) (S 39,32,35) (D 0,1,1)
