2778
16
 0 1 1 74 125 14 (D 0,1,1) (S 3,1,6) (S 74,6,1) (S 13,6,12) (S 25,12,13) (S 96,13,12) (S 26,12,20) (S 97,20,12) (S 84,12,6) (S 14,6,13) (S 27,13,14) (S 29,14,15) (S 100,15,14) (D 0,1,1)
 0 1 2 75 119 13 (D 0,1,1) (S 2,1,5) (S 5,5,5) (S 10,5,11) (S 24,11,19) (S 19,19,19) (S 107,19,18) (S 36,18,19) (S 95,19,11) (S 40,19,26) (S 53,26,30) (S 124,30,26) (D 0,1,1)
 0 1 3 75 156 14 (D 0,1,1) (S 12,6,7) (S 7,7,7) (S 76,7,2) (S 5,2,7) (S 15,7,8) (S 86,8,7) (S 16,7,13) (S 28,13,21) (S 99,21,13) (S 85,13,6) (S 94,12,11) (S 41,41,41) (D 0,1,1)
 0 1 4 74 134 13 (D 0,1,1) (S 98,14,13) (S 32,15,23) (S 23,23,23) (S 103,23,15) (S 31,15,16) (S 102,16,15) (S 91,15,9) (S 20,9,15) (S 116,23,22) (S 45,22,23) (S 89,14,8) (D 0,1,1)
 0 1 5 72 137 13 (D 0,1,1) (S 110,20,19) (S 111,26,19) (S 37,18,26) (S 108,26,18) (S 63,30,34) (S 134,34,30) (S 126,30,27) (S 55,27,30) (S 52,26,29) (S 123,29,26) (S 39,19,20) (D 0,1,1)
 0 1 6 75 177 13 (D 0,1,1) (S 87,13,7) (S 17,8,9) (S 88,9,8) (S 18,8,14) (S 30,14,22) (S 114,22,21) (S 44,21,27) (S 115,27,21) (S 112,21,20) (S 41,20,21) (S 23,11,12) (D 0,1,1)
 0 1 7 75 195 11 (D 0,1,1) (S 81,11,5) (S 73,5,1) (S 1,1,2) (S 4,2,3) (S 3,3,3) (S 7,3,9) (S 78,9,3) (S 75,3,2) (S 65,31,37) (D 0,1,1)
 0 1 8 72 179 10 (D 0,1,1) (S 80,6,5) (S 11,5,18) (S 38,18,29) (S 109,29,18) (S 54,26,34) (S 141,40,33) (S 70,33,40) (S 139,34,33) (D 0,1,1)
 0 1 9 74 154 11 (D 0,1,1) (S 48,23,31) (S 119,31,23) (S 34,16,24) (S 49,24,25) (S 25,25,25) (S 120,25,24) (S 105,24,16) (S 92,16,9) (S 10,10,10) (D 0,1,1)
 0 1 10 72 182 13 (D 0,1,1) (S 83,7,6) (S 43,21,22) (S 101,22,14) (S 47,23,24) (S 51,25,28) (S 59,28,32) (S 130,32,28) (S 122,28,25) (S 66,32,37) (S 136,37,31) (S 64,31,32) (D 0,1,1)
 0 1 11 75 196 11 (D 0,1,1) (S 21,9,16) (S 33,16,17) (S 104,17,16) (S 50,24,32) (S 135,32,31) (S 137,37,32) (S 67,32,38) (S 138,38,32) (S 117,31,22) (D 0,1,1)
 0 1 12 75 190 11 (D 0,1,1) (S 42,20,30) (S 125,34,26) (S 62,29,39) (S 140,39,33) (S 69,33,39) (S 133,39,29) (S 61,29,33) (S 68,33,34) (S 128,35,27) (D 0,1,1)
 0 1 13 72 196 9 (D 0,1,1) (S 9,5,6) (S 46,22,31) (S 127,31,27) (S 57,27,35) (S 49,49,49) (S 132,33,29) (S 113,30,20) (D 0,1,1)
 0 1 14 69 181 10 (D 0,1,1) (S 19,9,10) (S 79,10,4) (S 4,4,4) (S 8,4,10) (S 22,10,17) (S 35,17,25) (S 106,25,17) (S 93,17,10) (D 0,1,1)
 0 1 15 75 215 9 (D 0,1,1) (S 82,18,5) (S 56,27,31) (S 121,32,24) (S 118,24,23) (S 60,28,38) (S 131,38,28) (S 129,36,27) (D 0,1,1)
 0 1 16 72 242 9 (D 0,1,1) (S 72,2,1) (S 58,27,36) (S 71,33,46) (S 142,46,33) (S 6,3,4) (S 77,4,3) (S 90,10,9) (D 0,1,1)
