362
9
 0 1 1 27 51 8 (D 0,1,1) (S 42,1,2) (S 30,2,4) (S 6,6,6) (S 27,1,9) (S 22,7,10) (S 29,4,9) (D 0,1,1)
 0 1 2 27 39 5 (D 0,1,1) (S 35,1,11) (S 3,3,3) (S 36,5,11) (D 0,1,1)
 0 1 3 27 29 3 (D 0,1,1) (S 2,2,2) (D 0,1,1)
 0 1 4 27 37 4 (D 0,1,1) (S 4,4,4) (S 32,6,9) (D 0,1,1)
 0 1 5 26 36 5 (D 0,1,1) (S 8,8,8) (S 26,2,6) (S 24,1,10) (D 0,1,1)
 0 1 6 26 33 4 (D 0,1,1) (S 7,7,7) (S 5,5,5) (D 0,1,1)
 0 1 7 25 40 6 (D 0,1,1) (S 40,1,6) (S 41,2,11) (S 23,3,10) (S 39,10,11) (D 0,1,1)
 0 1 8 24 47 6 (D 0,1,1) (S 31,1,5) (S 34,3,9) (S 37,9,10) (S 38,5,10) (D 0,1,1)
 0 1 9 23 50 5 (D 0,1,1) (S 28,6,8) (S 33,2,8) (S 25,2,5) (D 0,1,1)
