10533
7
58909618
4828454
 0 1 1 305 1244 14 (D 0,1,1) (S 3,3,3) (S 2,3,2) (S 1,2,1) (S 3,4,2) (S 5,5,5) (S 6,6,6) (S 4,5,4) (S 69,69,69) (S 46,69,59) (S 36,59,58) (S 60,60,60) (S 33,56,55) (D 0,1,1)
 0 1 2 302 1477 21 (D 0,1,1) (S 45,69,58) (S 51,59,44) (S 24,45,44) (S 25,46,44) (S 28,49,47) (S 51,51,51) (S 50,51,21) (S 21,21,21) (S 52,52,52) (S 31,52,50) (S 29,50,49) (S 32,54,52) (S 30,51,49) (S 27,48,47) (S 26,47,46) (S 24,24,24) (S 15,22,21) (S 48,75,23) (S 76,76,76) (D 0,1,1)
 0 1 3 303 1378 15 (D 0,1,1) (S 5,10,9) (S 12,12,12) (S 49,76,20) (S 18,18,18) (S 11,18,15) (S 9,14,13) (S 13,13,13) (S 16,16,16) (S 8,16,13) (S 7,16,12) (S 6,12,11) (S 13,20,19) (S 14,21,19) (D 0,1,1)
 0 1 4 302 1838 9 (D 0,1,1) (S 47,69,4) (S 37,59,11) (S 12,19,18) (S 10,17,15) (S 73,73,73) (S 16,75,22) (S 26,26,26) (D 0,1,1)
 0 1 5 296 1422 10 (D 0,1,1) (S 67,67,67) (S 40,62,60) (S 38,60,58) (S 35,58,57) (S 34,57,42) (S 41,41,41) (S 22,41,35) (S 36,36,36) (D 0,1,1)
 0 1 6 302 1370 7 (D 0,1,1) (S 23,44,43) (S 21,35,32) (S 18,32,31) (S 17,31,23) (S 27,27,27) (D 0,1,1)
 0 1 7 224 1804 9 (D 0,1,1) (S 43,66,62) (S 41,63,62) (S 42,65,63) (S 39,61,60) (S 44,68,66) (S 19,33,32) (S 20,34,32) (D 0,1,1)
