1105
8
 0 1 1 75 111 15 (D 0,1,1) (S 77,1,6) (S 6,6,6) (S 56,6,1) (S 12,12,12) (S 84,12,13) (S 13,13,13) (S 14,14,14) (S 15,15,15) (S 23,23,23) (S 22,22,22) (S 83,22,21) (S 21,21,21) (S 11,11,11) (D 0,1,1)
 0 1 2 75 118 16 (D 0,1,1) (S 80,6,13) (S 82,13,6) (S 20,20,20) (S 19,19,19) (S 69,19,26) (S 26,26,26) (S 55,26,30) (S 30,30,30) (S 45,30,34) (S 34,34,34) (S 40,40,40) (S 41,41,41) (S 76,41,48) (S 49,48,41) (D 0,1,1)
 0 1 3 75 128 15 (D 0,1,1) (S 50,6,7) (S 2,2,2) (S 65,7,8) (S 8,8,8) (S 51,8,7) (S 79,7,13) (S 71,13,7) (S 70,8,9) (S 9,9,9) (S 62,9,8) (S 16,16,16) (S 64,16,24) (S 48,24,23) (D 0,1,1)
 0 1 4 75 140 9 (D 0,1,1) (S 5,5,5) (S 18,18,18) (S 67,18,29) (S 33,33,33) (S 39,39,39) (S 47,47,47) (S 48,48,48) (D 0,1,1)
 0 1 5 75 155 13 (D 0,1,1) (S 73,11,5) (S 27,27,27) (S 35,35,35) (S 52,35,41) (S 49,49,49) (S 44,44,44) (S 42,42,42) (S 75,42,44) (S 36,36,36) (S 54,42,41) (S 60,45,43) (D 0,1,1)
 0 1 6 74 137 15 (D 0,1,1) (S 68,23,31) (S 31,31,31) (S 59,31,37) (S 37,37,37) (S 47,37,36) (S 50,50,50) (S 45,45,45) (S 43,43,43) (S 38,38,38) (S 85,38,28) (S 28,28,28) (S 78,28,32) (S 61,37,43) (D 0,1,1)
 0 1 7 75 177 14 (D 0,1,1) (S 66,7,6) (S 24,24,24) (S 25,25,25) (S 32,32,32) (S 57,32,38) (S 81,45,50) (S 53,50,43) (S 87,31,23) (S 46,9,16) (S 63,16,9) (S 3,3,3) (S 4,4,4) (D 0,1,1)
 0 1 8 32 139 8 (D 0,1,1) (S 17,17,17) (S 86,17,10) (S 72,10,17) (S 58,31,22) (S 46,46,46) (S 74,49,48) (D 0,1,1)
