615
9
 0 1 1 27 51 8 (D 0,1,1) (S 19,19,19) (S 4,4,4) (S 30,4,12) (S 22,12,19) (S 10,10,10) (S 23,12,13) (D 0,1,1)
 0 1 2 27 59 7 (D 0,1,1) (S 35,2,1) (S 5,5,5) (S 18,5,6) (S 29,6,10) (S 8,8,8) (D 0,1,1)
 0 1 3 27 66 6 (D 0,1,1) (S 21,1,3) (S 6,6,6) (S 27,27,27) (S 25,25,25) (D 0,1,1)
 0 1 4 26 74 7 (D 0,1,1) (S 16,1,15) (S 39,15,17) (S 16,16,16) (S 36,18,21) (S 21,21,21) (D 0,1,1)
 0 1 5 27 78 6 (D 0,1,1) (S 7,7,7) (S 31,4,6) (S 38,3,4) (S 26,13,15) (D 0,1,1)
 0 1 6 26 95 7 (D 0,1,1) (S 24,24,27) (S 28,26,27) (S 17,8,9) (S 34,23,26) (S 37,21,22) (D 0,1,1)
 0 1 7 26 56 4 (D 0,1,1) (S 14,14,14) (S 32,18,25) (D 0,1,1)
 0 1 8 27 90 7 (D 0,1,1) (S 33,22,23) (S 15,22,25) (S 20,20,20) (S 25,21,23) (S 19,14,16) (D 0,1,1)
 0 1 9 11 46 4 (D 0,1,1) (S 27,15,20) (S 20,23,24) (D 0,1,1)
