77081
78
 0 1 1 119 562 11 (D 0,1,1) (S 151,1,116) (S 340,116,115) (S 150,115,116) (S 341,116,1) (S 152,116,117) (S 344,117,2) (S 154,2,117) (S 162,121,122) (S 299,87,86) (D 0,1,1)
 0 1 2 119 692 10 (D 0,1,1) (S 153,115,117) (S 342,117,116) (S 343,117,115) (S 339,115,114) (S 338,114,113) (S 336,113,112) (S 146,112,113) (S 320,101,94) (D 0,1,1)
 0 1 3 118 550 10 (D 0,1,1) (S 156,117,119) (S 157,119,120) (S 347,120,119) (S 346,119,117) (S 161,120,121) (S 122,122,122) (S 352,122,121) (S 109,86,87) (D 0,1,1)
 0 1 4 120 706 14 (D 0,1,1) (S 112,112,112) (S 335,112,107) (S 142,107,110) (S 143,110,111) (S 333,111,110) (S 332,110,107) (S 145,107,112) (S 334,112,110) (S 144,110,112) (S 148,113,114) (S 326,105,104) (S 130,94,101) (D 0,1,1)
 0 1 5 119 610 7 (D 0,1,1) (S 155,117,118) (S 160,118,121) (S 351,121,120) (S 166,120,123) (S 374,138,136) (D 0,1,1)
 0 1 6 120 646 7 (D 0,1,1) (S 149,114,115) (S 139,107,108) (S 329,108,107) (S 328,107,106) (S 136,104,105) (D 0,1,1)
 0 1 7 120 694 11 (D 0,1,1) (S 350,121,118) (S 349,118,91) (S 303,91,90) (S 90,90,90) (S 113,90,91) (S 302,90,88) (S 112,88,90) (S 83,67,69) (S 273,69,67) (D 0,1,1)
 0 1 8 119 445 8 (D 0,1,1) (S 353,122,87) (S 87,87,87) (S 86,86,86) (S 163,87,122) (S 164,122,123) (S 354,123,122) (D 0,1,1)
 0 1 9 120 817 7 (D 0,1,1) (S 337,113,103) (S 324,103,91) (S 134,91,103) (S 322,102,101) (S 125,97,98) (D 0,1,1)
 0 1 10 118 664 5 (D 0,1,1) (S 158,114,118) (S 345,118,117) (S 169,124,126) (D 0,1,1)
 0 1 11 120 842 10 (D 0,1,1) (S 327,106,105) (S 105,105,105) (S 104,104,104) (S 325,104,102) (S 135,102,104) (S 137,105,106) (S 63,63,63) (S 256,56,55) (D 0,1,1)
 0 1 12 118 656 9 (D 0,1,1) (S 165,123,124) (S 359,126,124) (S 170,126,127) (S 174,127,129) (S 364,129,127) (S 360,127,126) (S 176,126,131) (D 0,1,1)
 0 1 13 120 658 10 (D 0,1,1) (S 298,86,85) (S 85,85,85) (S 297,85,84) (S 107,84,85) (S 108,85,86) (S 295,84,82) (S 103,82,83) (S 290,81,79) (D 0,1,1)
 0 1 14 120 674 11 (D 0,1,1) (S 167,123,125) (S 186,125,138) (S 136,136,136) (S 184,136,138) (S 376,138,125) (S 369,134,133) (S 368,133,132) (S 367,132,131) (S 177,131,132) (D 0,1,1)
 0 1 15 119 813 9 (D 0,1,1) (S 356,123,120) (S 110,86,88) (S 111,88,89) (S 116,89,92) (S 306,92,89) (S 301,89,88) (S 86,69,71) (D 0,1,1)
 0 1 16 120 812 6 (D 0,1,1) (S 348,118,114) (S 138,106,107) (S 132,101,102) (S 129,94,100) (D 0,1,1)
 0 1 17 119 774 8 (D 0,1,1) (S 159,91,118) (S 300,88,86) (S 296,84,83) (S 293,83,82) (S 105,82,84) (S 101,80,81) (D 0,1,1)
 0 1 18 120 1117 8 (D 0,1,1) (S 330,108,106) (S 140,106,108) (S 109,109,109) (S 311,94,93) (S 266,63,62) (S 66,55,56) (D 0,1,1)
 0 1 19 119 801 6 (D 0,1,1) (S 323,103,102) (S 133,102,103) (S 321,101,66) (S 76,62,63) (D 0,1,1)
 0 1 20 118 796 6 (D 0,1,1) (S 355,124,123) (S 357,125,123) (S 175,126,130) (S 171,127,128) (D 0,1,1)
 0 1 21 119 772 8 (D 0,1,1) (S 147,103,113) (S 307,92,82) (S 292,82,80) (S 289,80,79) (S 100,79,81) (S 291,81,80) (D 0,1,1)
 0 1 22 120 820 8 (D 0,1,1) (S 118,84,92) (S 308,92,84) (S 294,83,81) (S 104,81,83) (S 106,83,84) (S 285,77,76) (D 0,1,1)
 0 1 23 120 864 6 (D 0,1,1) (S 81,81,81) (S 288,79,78) (S 98,78,79) (S 315,98,97) (D 0,1,1)
 0 1 24 119 818 10 (D 0,1,1) (S 178,132,133) (S 133,133,133) (S 179,133,134) (S 181,134,135) (S 135,135,135) (S 371,135,134) (S 180,133,135) (S 102,80,82) (D 0,1,1)
 0 1 25 119 850 14 (D 0,1,1) (S 117,82,92) (S 99,79,80) (S 287,78,77) (S 97,77,78) (S 286,77,46) (S 245,46,43) (S 238,43,42) (S 53,42,47) (S 243,47,42) (S 48,42,43) (S 55,43,46) (S 54,46,47) (D 0,1,1)
 0 1 26 120 785 6 (D 0,1,1) (S 305,91,66) (S 131,66,101) (S 319,100,94) (S 276,71,69) (D 0,1,1)
 0 1 27 120 688 6 (D 0,1,1) (S 183,136,137) (S 373,137,136) (S 372,136,134) (S 182,134,136) (D 0,1,1)
 0 1 28 120 718 9 (D 0,1,1) (S 304,90,68) (S 272,68,67) (S 69,69,69) (S 84,69,70) (S 274,70,69) (S 82,67,68) (S 87,71,72) (D 0,1,1)
 0 1 29 119 1051 7 (D 0,1,1) (S 363,129,128) (S 361,128,127) (S 173,128,129) (S 362,128,3) (S 95,76,77) (D 0,1,1)
 0 1 30 119 1109 7 (D 0,1,1) (S 366,131,126) (S 365,130,126) (S 185,131,138) (S 244,47,46) (S 38,35,36) (D 0,1,1)
 0 1 31 118 1125 6 (D 0,1,1) (S 358,124,4) (S 370,135,133) (S 96,46,77) (S 239,43,37) (D 0,1,1)
 0 1 32 120 1083 6 (D 0,1,1) (S 375,138,131) (S 172,3,128) (S 284,76,74) (S 280,74,73) (D 0,1,1)
 0 1 33 118 824 10 (D 0,1,1) (S 121,93,94) (S 310,93,63) (S 77,63,64) (S 267,64,63) (S 265,62,57) (S 75,57,62) (S 78,64,65) (S 268,65,64) (D 0,1,1)
 0 1 34 119 961 5 (D 0,1,1) (S 141,108,109) (S 123,95,96) (S 313,96,95) (D 0,1,1)
 0 1 35 118 909 11 (D 0,1,1) (S 275,71,70) (S 85,70,71) (S 277,72,71) (S 380,70,58) (S 190,58,70) (S 258,58,57) (S 68,57,58) (S 59,59,59) (S 261,60,45) (D 0,1,1)
 0 1 36 117 997 7 (D 0,1,1) (S 81,66,67) (S 271,67,66) (S 270,66,62) (S 255,55,54) (S 242,45,34) (D 0,1,1)
 0 1 37 119 1007 7 (D 0,1,1) (S 309,93,64) (S 119,64,93) (S 120,63,93) (S 318,100,99) (S 90,73,74) (D 0,1,1)
 0 1 38 120 758 6 (D 0,1,1) (S 46,46,46) (S 237,42,37) (S 49,37,43) (S 50,43,44) (D 0,1,1)
 0 1 39 118 925 8 (D 0,1,1) (S 122,94,95) (S 126,96,99) (S 316,99,96) (S 124,96,97) (S 314,97,96) (S 89,72,74) (D 0,1,1)
 0 1 40 118 878 8 (D 0,1,1) (S 88,72,73) (S 278,73,72) (S 279,74,72) (S 94,74,76) (S 229,37,35) (S 35,35,35) (D 0,1,1)
 0 1 41 120 968 7 (D 0,1,1) (S 92,71,75) (S 282,75,71) (S 69,58,59) (S 52,34,45) (S 228,36,35) (D 0,1,1)
 0 1 42 120 1050 5 (D 0,1,1) (S 115,66,91) (S 80,62,66) (S 187,55,140) (D 0,1,1)
 0 1 43 117 941 5 (D 0,1,1) (S 114,68,90) (S 281,73,44) (S 51,44,45) (D 0,1,1)
 0 1 44 117 1050 6 (D 0,1,1) (S 128,99,100) (S 317,99,97) (S 127,97,99) (S 65,54,55) (D 0,1,1)
 0 1 45 120 923 8 (D 0,1,1) (S 47,37,42) (S 230,37,36) (S 36,36,36) (S 40,36,37) (S 39,35,37) (S 41,36,38) (D 0,1,1)
 0 1 46 120 1177 5 (D 0,1,1) (S 168,4,124) (S 283,76,75) (S 42,38,39) (D 0,1,1)
 0 1 47 120 1025 8 (D 0,1,1) (S 269,65,56) (S 79,56,65) (S 377,140,55) (S 188,54,140) (S 378,140,54) (S 248,49,48) (D 0,1,1)
 0 1 48 118 1055 6 (D 0,1,1) (S 312,95,94) (S 257,57,56) (S 252,53,52) (S 249,50,48) (D 0,1,1)
 0 1 49 116 1175 10 (D 0,1,1) (S 70,59,60) (S 260,60,59) (S 73,59,61) (S 264,61,49) (S 74,49,61) (S 59,48,50) (S 58,48,49) (S 219,29,28) (D 0,1,1)
 0 1 50 119 989 7 (D 0,1,1) (S 241,45,44) (S 71,45,60) (S 72,60,61) (S 263,61,59) (S 64,49,140) (D 0,1,1)
 0 1 51 120 1131 6 (D 0,1,1) (S 93,75,76) (S 240,44,43) (S 91,44,73) (S 232,39,38) (D 0,1,1)
 0 1 52 117 1205 8 (D 0,1,1) (S 259,59,58) (S 262,61,60) (S 246,139,33) (S 56,33,139) (S 28,28,28) (S 29,28,29) (D 0,1,1)
 0 1 53 117 1276 10 (D 0,1,1) (S 45,38,41) (S 235,41,38) (S 234,41,40) (S 44,40,41) (S 233,40,39) (S 43,39,40) (S 231,38,36) (S 8,12,13) (D 0,1,1)
 0 1 54 119 1242 9 (D 0,1,1) (S 254,140,49) (S 60,50,51) (S 61,51,52) (S 251,52,51) (S 62,52,53) (S 63,53,140) (S 30,28,30) (D 0,1,1)
 0 1 55 120 1164 8 (D 0,1,1) (S 253,140,53) (S 250,51,50) (S 57,48,139) (S 218,28,27) (S 28,27,28) (S 220,30,28) (D 0,1,1)
 0 1 56 118 1172 5 (D 0,1,1) (S 67,56,57) (S 36,34,139) (S 27,27,27) (D 0,1,1)
 0 1 57 115 1341 5 (D 0,1,1) (S 331,109,108) (S 13,13,17) (S 203,17,13) (D 0,1,1)
 0 1 58 118 894 4 (D 0,1,1) (S 227,35,34) (S 37,34,35) (D 0,1,1)
 0 1 59 119 1258 5 (D 0,1,1) (S 236,47,41) (S 198,13,12) (S 15,17,18) (D 0,1,1)
 0 1 60 117 1115 8 (D 0,1,1) (S 225,33,11) (S 11,11,11) (S 35,11,33) (S 7,11,12) (S 14,13,16) (S 201,16,15) (D 0,1,1)
 0 1 61 116 1282 5 (D 0,1,1) (S 247,139,48) (S 226,139,34) (S 9,13,14) (D 0,1,1)
 0 1 62 115 1151 6 (D 0,1,1) (S 224,33,29) (S 30,30,30) (S 33,30,32) (S 214,25,24) (D 0,1,1)
 0 1 63 120 1276 5 (D 0,1,1) (S 46,41,47) (S 202,17,15) (S 11,15,16) (D 0,1,1)
 0 1 64 118 1233 9 (D 0,1,1) (S 196,11,8) (S 193,8,6) (S 6,6,6) (S 3,6,8) (S 2,6,7) (S 5,9,10) (S 206,19,18) (D 0,1,1)
 0 1 65 114 1141 9 (D 0,1,1) (S 16,16,16) (S 204,16,13) (S 14,14,14) (S 199,14,13) (S 16,18,19) (S 205,18,17) (S 200,15,10) (D 0,1,1)
 0 1 66 118 1229 8 (D 0,1,1) (S 189,11,27) (S 217,27,25) (S 27,25,27) (S 24,24,25) (S 20,20,22) (S 210,22,20) (D 0,1,1)
 0 1 67 117 1285 7 (D 0,1,1) (S 197,12,11) (S 18,12,20) (S 22,22,22) (S 21,21,21) (S 32,26,31) (D 0,1,1)
 0 1 68 118 1130 5 (D 0,1,1) (S 25,25,25) (S 212,24,20) (S 22,20,24) (D 0,1,1)
 0 1 69 110 1218 8 (D 0,1,1) (S 12,15,17) (S 10,10,10) (S 195,10,9) (S 10,10,15) (S 17,10,19) (S 207,19,10) (D 0,1,1)
 0 1 70 119 1395 7 (D 0,1,1) (S 31,30,31) (S 222,31,26) (S 216,26,23) (S 26,23,26) (S 191,6,5) (D 0,1,1)
 0 1 71 110 1300 5 (D 0,1,1) (S 34,29,33) (S 4,8,9) (S 192,7,6) (D 0,1,1)
 0 1 72 110 1339 5 (D 0,1,1) (S 379,27,11) (S 208,20,12) (S 1,5,6) (D 0,1,1)
 0 1 73 117 1241 5 (D 0,1,1) (S 223,32,30) (S 25,25,26) (S 221,31,30) (D 0,1,1)
 0 1 74 106 1286 4 (D 0,1,1) (S 6,8,11) (S 19,20,21) (D 0,1,1)
 0 1 75 93 1342 4 (D 0,1,1) (S 194,9,8) (S 213,24,23) (D 0,1,1)
 0 1 76 103 1327 4 (D 0,1,1) (S 215,26,25) (S 211,23,21) (D 0,1,1)
 0 1 77 111 1390 4 (D 0,1,1) (S 23,23,24) (S 21,21,23) (D 0,1,1)
 0 1 78 58 1094 3 (D 0,1,1) (S 209,21,20) (D 0,1,1)
