777
8
 0 1 1 50 84 10 (D 0,1,1) (S 30,1,2) (S 2,2,2) (S 27,2,3) (S 3,3,3) (S 41,3,2) (S 24,2,1) (S 31,31,31) (S 37,4,9) (D 0,1,1)
 0 1 2 49 89 11 (D 0,1,1) (S 32,31,5) (S 5,5,5) (S 44,5,31) (S 29,29,29) (S 40,29,28) (S 28,28,28) (S 26,26,26) (S 43,5,6) (S 31,10,14) (D 0,1,1)
 0 1 3 50 114 10 (D 0,1,1) (S 30,30,30) (S 6,6,6) (S 11,11,11) (S 38,11,6) (S 10,10,10) (S 39,14,10) (S 16,16,16) (S 25,9,4) (D 0,1,1)
 0 1 4 48 91 8 (D 0,1,1) (S 4,4,4) (S 13,13,13) (S 12,12,12) (S 36,12,18) (S 18,18,18) (S 21,21,21) (D 0,1,1)
 0 1 5 48 135 10 (D 0,1,1) (S 23,10,16) (S 17,17,17) (S 45,17,16) (S 29,15,14) (S 26,14,15) (S 42,12,11) (S 35,18,19) (S 28,19,22) (D 0,1,1)
 0 1 6 47 111 5 (D 0,1,1) (S 7,7,7) (S 34,7,8) (S 20,20,20) (D 0,1,1)
 0 1 7 48 108 5 (D 0,1,1) (S 23,23,23) (S 33,25,28) (S 19,19,19) (D 0,1,1)
 0 1 8 5 45 3 (D 0,1,1) (S 22,19,18) (D 0,1,1)
