616
9
 0 1 1 27 65 7 (D 0,1,1) (S 19,19,19) (S 20,2,12) (S 32,2,1) (S 17,17,17) (S 27,16,17) (D 0,1,1)
 0 1 2 27 67 8 (D 0,1,1) (S 24,24,24) (S 23,23,23) (S 22,22,22) (S 17,22,23) (S 27,27,27) (S 33,25,26) (D 0,1,1)
 0 1 3 27 62 8 (D 0,1,1) (S 30,1,3) (S 3,3,3) (S 35,3,6) (S 5,5,5) (S 28,4,10) (S 34,6,7) (D 0,1,1)
 0 1 4 27 63 5 (D 0,1,1) (S 15,15,15) (S 18,13,15) (S 14,14,14) (D 0,1,1)
 0 1 5 26 52 4 (D 0,1,1) (S 6,6,6) (S 10,10,10) (D 0,1,1)
 0 1 6 27 78 6 (D 0,1,1) (S 8,8,8) (S 4,4,4) (S 24,5,6) (S 23,3,4) (D 0,1,1)
 0 1 7 27 80 7 (D 0,1,1) (S 18,18,18) (S 31,18,21) (S 21,21,21) (S 22,21,22) (S 19,14,20) (D 0,1,1)
 0 1 8 24 108 5 (D 0,1,1) (S 25,23,24) (S 29,20,21) (S 21,7,11) (D 0,1,1)
 0 1 9 9 41 3 (D 0,1,1) (S 26,4,6) (D 0,1,1)
