71422
27
 0 1 1 1755 2312 11 (D 0,1,1) (S 1,1,2) (S 2,2,2) (S 2,2,14) (S 10,14,13) (S 23,23,23) (S 24,23,24) (S 25,24,25) (S 13,16,4) (S 18,19,7) (D 0,1,1)
 0 1 2 1756 2855 10 (D 0,1,1) (S 3,3,3) (S 3,4,16) (S 12,15,14) (S 11,14,24) (S 26,25,26) (S 29,28,29) (S 6,7,20) (S 131,111,112) (D 0,1,1)
 0 1 3 1754 2272 8 (D 0,1,1) (S 24,24,24) (S 26,26,26) (S 27,27,27) (S 27,27,38) (S 37,37,37) (S 64,55,44) (D 0,1,1)
 0 1 4 1747 2608 11 (D 0,1,1) (S 4,5,6) (S 7,7,7) (S 5,7,8) (S 20,20,20) (S 21,20,30) (S 29,29,29) (S 16,18,6) (S 31,31,21) (S 56,50,51) (D 0,1,1)
 0 1 5 1747 2439 9 (D 0,1,1) (S 23,23,13) (S 42,43,44) (S 43,45,36) (S 37,37,36) (S 36,37,25) (S 28,28,27) (S 17,18,19) (D 0,1,1)
 0 1 6 1755 2994 11 (D 0,1,1) (S 14,17,5) (S 15,17,27) (S 19,19,18) (S 20,20,8) (S 31,31,31) (S 32,31,30) (S 34,33,32) (S 87,72,71) (S 88,73,61) (D 0,1,1)
 0 1 7 1745 2348 10 (D 0,1,1) (S 44,45,44) (S 46,46,46) (S 45,46,45) (S 47,47,47) (S 49,47,48) (S 48,48,48) (S 51,48,59) (S 84,69,68) (D 0,1,1)
 0 1 8 1750 2976 14 (D 0,1,1) (S 46,46,57) (S 57,57,57) (S 68,57,56) (S 66,56,66) (S 81,66,67) (S 68,68,68) (S 82,68,79) (S 92,92,92) (S 94,80,69) (S 83,69,59) (S 124,105,92) (S 115,99,86) (D 0,1,1)
 0 1 9 1749 3155 10 (D 0,1,1) (S 48,47,38) (S 67,57,46) (S 47,47,37) (S 50,48,49) (S 49,49,49) (S 52,49,39) (S 9,12,11) (S 77,63,62) (D 0,1,1)
 0 1 10 1755 2609 9 (D 0,1,1) (S 7,10,11) (S 8,11,12) (S 12,12,12) (S 34,34,34) (S 35,34,42) (S 60,53,52) (S 128,107,106) (D 0,1,1)
 0 1 11 1753 2538 8 (D 0,1,1) (S 30,31,20) (S 33,33,33) (S 42,42,42) (S 53,53,53) (S 61,53,63) (S 62,62,62) (D 0,1,1)
 0 1 12 1744 2764 11 (D 0,1,1) (S 59,59,59) (S 71,59,69) (S 69,69,69) (S 70,59,68) (S 69,58,57) (S 65,55,56) (S 62,54,43) (S 53,49,50) (S 72,60,50) (D 0,1,1)
 0 1 13 1738 2710 8 (D 0,1,1) (S 39,39,39) (S 38,39,29) (S 22,22,21) (S 41,40,51) (S 57,51,61) (S 74,61,60) (D 0,1,1)
 0 1 14 1746 2594 10 (D 0,1,1) (S 54,49,59) (S 93,93,93) (S 106,93,106) (S 106,106,106) (S 126,106,93) (S 107,94,93) (S 108,94,107) (S 127,107,94) (D 0,1,1)
 0 1 15 1744 2820 11 (D 0,1,1) (S 93,78,67) (S 121,104,91) (S 122,104,105) (S 105,105,105) (S 118,118,118) (S 119,119,119) (S 137,119,106) (S 107,107,107) (S 133,113,126) (D 0,1,1)
 0 1 16 1722 2584 11 (D 0,1,1) (S 54,54,54) (S 63,54,55) (S 78,64,65) (S 65,65,65) (S 80,65,66) (S 103,103,103) (S 120,103,102) (S 102,102,102) (S 134,115,102) (D 0,1,1)
 0 1 17 1753 2674 9 (D 0,1,1) (S 70,70,70) (S 71,71,71) (S 86,71,82) (S 82,82,82) (S 109,95,94) (S 129,109,110) (S 79,65,55) (D 0,1,1)
 0 1 18 1746 2704 11 (D 0,1,1) (S 73,60,72) (S 72,72,72) (S 85,71,70) (S 84,84,84) (S 98,84,73) (S 73,73,73) (S 86,86,86) (S 99,85,84) (S 90,74,62) (D 0,1,1)
 0 1 19 1750 2826 8 (D 0,1,1) (S 40,40,32) (S 33,32,31) (S 55,50,31) (S 61,61,61) (S 75,62,61) (S 112,98,97) (D 0,1,1)
 0 1 20 1713 2507 11 (D 0,1,1) (S 123,104,117) (S 117,117,117) (S 136,117,116) (S 135,116,103) (S 90,90,90) (S 89,89,89) (S 104,89,102) (S 119,102,115) (S 118,102,101) (D 0,1,1)
 0 1 21 1735 3021 9 (D 0,1,1) (S 39,39,38) (S 96,81,94) (S 95,81,70) (S 97,83,72) (S 109,109,109) (S 110,110,110) (S 130,110,123) (D 0,1,1)
 0 1 22 1742 2952 11 (D 0,1,1) (S 125,105,104) (S 115,115,115) (S 88,88,88) (S 102,88,76) (S 92,76,88) (S 103,88,101) (S 114,114,114) (S 105,90,91) (S 141,122,123) (D 0,1,1)
 0 1 23 1711 2712 9 (D 0,1,1) (S 59,52,62) (S 76,62,74) (S 75,75,75) (S 91,75,63) (S 58,52,41) (S 100,85,98) (S 113,98,99) (D 0,1,1)
 0 1 24 1744 2485 6 (D 0,1,1) (S 120,120,120) (S 138,120,107) (S 122,122,122) (S 121,121,121) (D 0,1,1)
 0 1 25 1709 2637 8 (D 0,1,1) (S 101,87,86) (S 99,99,99) (S 116,99,98) (S 114,98,111) (S 111,111,111) (S 132,112,99) (D 0,1,1)
 0 1 26 1619 2908 9 (D 0,1,1) (S 113,113,113) (S 124,124,124) (S 142,124,111) (S 117,99,100) (S 89,73,72) (S 140,121,120) (S 139,121,108) (D 0,1,1)
 0 1 27 575 1418 4 (D 0,1,1) (S 111,97,110) (S 110,97,96) (D 0,1,1)
