569
8
 0 1 1 27 60 9 (D 0,1,1) (S 22,1,19) (S 2,2,2) (S 14,12,19) (S 19,4,10) (S 6,6,6) (S 29,6,7) (S 23,5,9) (D 0,1,1)
 0 1 2 27 67 8 (D 0,1,1) (S 4,4,4) (S 33,4,19) (S 17,12,13) (S 27,13,14) (S 21,21,21) (S 16,25,26) (D 0,1,1)
 0 1 3 27 80 8 (D 0,1,1) (S 30,1,17) (S 21,15,17) (S 16,16,16) (S 31,18,25) (S 34,23,26) (S 28,8,27) (D 0,1,1)
 0 1 4 27 89 7 (D 0,1,1) (S 24,24,24) (S 8,8,8) (S 39,24,27) (S 22,22,22) (S 36,15,20) (D 0,1,1)
 0 1 5 26 69 6 (D 0,1,1) (S 37,1,15) (S 26,13,15) (S 20,20,20) (S 20,21,23) (D 0,1,1)
 0 1 6 26 62 6 (D 0,1,1) (S 38,5,6) (S 18,6,10) (S 32,10,11) (S 24,6,8) (D 0,1,1)
 0 1 7 25 101 7 (D 0,1,1) (S 7,7,7) (S 15,3,6) (S 13,3,8) (S 35,3,4) (S 25,14,16) (D 0,1,1)
 0 1 8 19 41 3 (D 0,1,1) (S 14,14,14) (D 0,1,1)
