547
9
 0 1 1 27 60 7 (D 0,1,1) (S 19,19,19) (S 2,2,2) (S 5,5,5) (S 36,6,7) (S 32,10,11) (D 0,1,1)
 0 1 2 27 51 5 (D 0,1,1) (S 4,4,4) (S 19,12,13) (S 37,13,14) (D 0,1,1)
 0 1 3 27 54 5 (D 0,1,1) (S 23,1,17) (S 13,13,13) (S 14,14,14) (D 0,1,1)
 0 1 4 27 62 6 (D 0,1,1) (S 24,24,24) (S 8,8,8) (S 30,22,23) (S 21,25,26) (D 0,1,1)
 0 1 5 27 78 8 (D 0,1,1) (S 38,1,27) (S 23,23,23) (S 28,23,26) (S 26,22,25) (S 18,18,18) (S 16,16,16) (D 0,1,1)
 0 1 6 26 56 5 (D 0,1,1) (S 3,3,3) (S 25,3,6) (S 27,7,11) (D 0,1,1)
 0 1 7 26 44 4 (D 0,1,1) (S 6,6,6) (S 34,5,6) (D 0,1,1)
 0 1 8 26 62 7 (D 0,1,1) (S 29,1,15) (S 35,15,20) (S 31,20,21) (S 21,21,21) (S 24,18,21) (D 0,1,1)
 0 1 9 18 80 6 (D 0,1,1) (S 22,3,4) (S 33,14,21) (S 20,21,25) (S 39,14,20) (D 0,1,1)
