660
9
 0 1 1 27 64 8 (D 0,1,1) (S 2,2,2) (S 12,12,12) (S 13,13,13) (S 27,13,15) (S 18,15,20) (S 21,21,21) (D 0,1,1)
 0 1 2 27 114 9 (D 0,1,1) (S 17,1,17) (S 15,15,15) (S 16,16,16) (S 25,25,25) (S 23,23,23) (S 30,21,22) (S 6,6,6) (D 0,1,1)
 0 1 3 26 66 6 (D 0,1,1) (S 24,24,24) (S 28,22,23) (S 34,22,25) (S 31,21,23) (D 0,1,1)
 0 1 4 27 62 7 (D 0,1,1) (S 26,1,3) (S 15,3,6) (S 4,4,4) (S 35,4,5) (S 25,5,9) (D 0,1,1)
 0 1 5 25 83 6 (D 0,1,1) (S 23,1,27) (S 20,26,27) (S 16,23,24) (S 22,3,4) (D 0,1,1)
 0 1 6 23 77 4 (D 0,1,1) (S 14,14,14) (S 32,6,8) (D 0,1,1)
 0 1 7 25 79 4 (D 0,1,1) (S 18,18,18) (S 24,5,6) (D 0,1,1)
 0 1 8 23 75 5 (D 0,1,1) (S 19,6,9) (S 33,10,11) (S 29,4,6) (D 0,1,1)
 0 1 9 5 40 3 (D 0,1,1) (S 21,8,9) (D 0,1,1)
