17471
8
 0 1 1 1541 2258 9 (D 0,15,15) (S 21,21,21) (S 22,22,22) (S 15,22,28) (S 19,28,34) (S 23,34,33) (S 22,33,39) (S 24,35,29) (D 0,15,15)
 0 1 2 1516 2307 10 (D 0,15,15) (S 14,14,14) (S 8,8,8) (S 7,7,7) (S 1,1,1) (S 1,1,7) (S 25,25,25) (S 21,32,26) (S 4,10,9) (D 0,15,15)
 0 1 3 1498 2144 7 (D 0,15,15) (S 12,21,20) (S 9,14,13) (S 8,13,19) (S 11,19,20) (S 14,22,23) (D 0,15,15)
 0 1 4 1542 2671 11 (D 0,15,15) (S 10,16,17) (S 18,18,18) (S 12,12,12) (S 11,11,11) (S 6,11,5) (S 4,4,4) (S 2,5,6) (S 3,6,5) (S 27,38,37) (D 0,15,15)
 0 1 5 1439 1864 6 (D 0,15,15) (S 18,27,26) (S 32,32,32) (S 31,31,31) (S 20,31,25) (D 0,15,15)
 0 1 6 1497 2269 8 (D 0,15,15) (S 5,10,11) (S 7,12,18) (S 17,24,30) (S 26,36,30) (S 16,23,22) (S 13,22,16) (D 0,15,15)
 0 1 7 1402 2298 7 (D 0,15,15) (S 3,3,3) (S 29,39,33) (S 40,40,40) (S 41,41,41) (S 30,39,38) (D 0,15,15)
 0 1 8 885 1660 5 (D 0,15,15) (S 28,38,39) (S 31,41,42) (S 25,35,41) (D 0,15,15)
