1152
8
 0 1 1 75 114 13 (D 0,1,1) (S 75,1,6) (S 6,6,6) (S 82,6,12) (S 12,12,12) (S 13,13,13) (S 14,14,14) (S 15,15,15) (S 9,9,9) (S 37,9,8) (S 8,8,8) (S 46,31,32) (D 0,1,1)
 0 1 2 75 128 16 (D 0,1,1) (S 57,6,1) (S 56,6,13) (S 60,13,6) (S 20,20,20) (S 43,19,26) (S 26,26,26) (S 72,26,30) (S 30,30,30) (S 61,30,26) (S 53,26,29) (S 29,29,29) (S 33,33,33) (S 51,40,47) (S 47,47,47) (D 0,1,1)
 0 1 3 75 141 13 (D 0,1,1) (S 62,12,11) (S 11,11,11) (S 55,11,12) (S 7,7,7) (S 2,2,2) (S 86,7,8) (S 85,8,7) (S 50,7,6) (S 5,5,5) (S 36,5,11) (S 67,41,48) (D 0,1,1)
 0 1 4 75 134 13 (D 0,1,1) (S 16,16,16) (S 24,24,24) (S 32,32,32) (S 31,31,31) (S 71,31,37) (S 37,37,37) (S 84,37,43) (S 43,43,43) (S 38,38,38) (S 42,42,42) (S 47,44,42) (D 0,1,1)
 0 1 5 75 177 16 (D 0,1,1) (S 42,18,26) (S 65,34,30) (S 27,27,27) (S 45,35,34) (S 41,41,41) (S 48,48,48) (S 63,48,41) (S 49,49,49) (S 76,49,41) (S 78,47,40) (S 46,46,46) (S 40,39,29) (S 44,44,44) (S 54,42,36) (D 0,1,1)
 0 1 6 72 189 16 (D 0,1,1) (S 79,23,22) (S 22,22,22) (S 77,22,21) (S 80,21,22) (S 70,31,23) (S 49,23,31) (S 45,45,45) (S 50,50,50) (S 83,50,45) (S 81,43,42) (S 59,42,41) (S 48,36,42) (S 73,35,41) (S 58,43,50) (D 0,1,1)
 0 1 7 63 238 13 (D 0,1,1) (S 39,18,29) (S 52,23,24) (S 41,24,23) (S 68,16,9) (S 17,17,17) (S 87,28,32) (S 74,37,38) (S 38,38,28) (S 66,28,38) (S 64,10,17) (S 69,4,10) (D 0,1,1)
 0 1 8 13 31 3 (D 0,1,1) (S 44,2,1) (D 0,1,1)
