27458
22
300597058
294832138
 0 1 1 234 710 14 (D 0,1,1) (S 68,1,116) (S 164,116,1) (S 69,116,117) (S 166,117,2) (S 2,2,2) (S 70,2,117) (S 165,117,116) (S 72,117,119) (S 120,120,120) (S 122,122,122) (S 87,87,87) (S 139,87,86) (D 0,1,1)
 0 1 2 235 1088 20 (D 0,1,1) (S 114,114,114) (S 163,114,113) (S 161,113,112) (S 65,112,113) (S 67,113,114) (S 160,112,107) (S 61,107,110) (S 62,110,111) (S 111,111,111) (S 158,111,110) (S 157,110,107) (S 64,107,112) (S 159,112,110) (S 63,110,112) (S 58,107,108) (S 108,108,108) (S 154,108,107) (S 50,97,98) (D 0,1,1)
 0 1 3 234 1046 17 (D 0,1,1) (S 168,119,117) (S 71,117,118) (S 123,123,123) (S 43,86,87) (S 138,86,85) (S 137,85,84) (S 41,84,85) (S 42,85,86) (S 135,84,82) (S 37,82,83) (S 133,83,82) (S 39,82,84) (S 136,84,83) (S 134,83,81) (S 130,81,79) (D 0,1,1)
 0 1 4 235 1037 14 (D 0,1,1) (S 153,107,106) (S 106,106,106) (S 152,106,105) (S 151,105,104) (S 104,104,104) (S 55,104,105) (S 56,105,106) (S 57,106,107) (S 162,113,103) (S 103,103,103) (S 102,102,102) (S 146,98,97) (D 0,1,1)
 0 1 5 235 1213 9 (D 0,1,1) (S 73,114,118) (S 167,118,117) (S 169,118,114) (S 155,108,106) (S 150,104,102) (S 108,63,62) (S 114,69,67) (D 0,1,1)
 0 1 6 235 862 20 (D 0,1,1) (S 75,124,126) (S 126,126,126) (S 171,126,124) (S 76,126,127) (S 127,127,127) (S 80,127,129) (S 176,129,127) (S 172,127,126) (S 82,126,131) (S 131,131,131) (S 83,131,132) (S 132,132,132) (S 179,132,131) (S 84,132,133) (S 133,133,133) (S 180,133,132) (S 85,133,134) (S 90,136,138) (D 0,1,1)
 0 1 7 235 1216 15 (D 0,1,1) (S 59,106,108) (S 54,102,104) (S 94,94,94) (S 143,93,63) (S 13,63,64) (S 109,64,63) (S 12,62,63) (S 107,62,57) (S 11,57,62) (S 14,64,65) (S 110,65,64) (S 46,64,93) (S 99,99,99) (D 0,1,1)
 0 1 8 235 1258 16 (D 0,1,1) (S 92,125,138) (S 186,138,136) (S 136,136,136) (S 188,138,125) (S 89,136,137) (S 185,137,136) (S 184,136,134) (S 181,134,133) (S 86,133,135) (S 183,135,134) (S 87,134,135) (S 182,135,133) (S 44,89,92) (S 34,79,81) (D 0,1,1)
 0 1 9 232 1224 16 (D 0,1,1) (S 66,103,113) (S 140,92,89) (S 141,92,82) (S 132,82,80) (S 80,80,80) (S 35,80,81) (S 131,81,80) (S 129,80,79) (S 128,79,78) (S 32,78,79) (S 33,79,80) (S 36,80,82) (S 45,82,92) (S 18,67,69) (D 0,1,1)
 0 1 10 233 1412 11 (D 0,1,1) (S 81,126,130) (S 177,130,126) (S 77,127,128) (S 173,128,127) (S 175,129,128) (S 79,128,129) (S 174,128,3) (S 178,131,126) (S 21,69,71) (D 0,1,1)
 0 1 11 232 1096 19 (D 0,1,1) (S 40,83,84) (S 38,81,83) (S 127,78,77) (S 77,77,77) (S 125,77,76) (S 29,76,77) (S 31,77,78) (S 126,77,46) (S 30,46,77) (S 124,76,74) (S 121,74,73) (S 25,73,74) (S 120,74,72) (S 118,72,71) (S 71,71,71) (S 117,71,69) (S 19,69,70) (D 0,1,1)
 0 1 12 233 1408 7 (D 0,1,1) (S 170,124,4) (S 74,4,124) (S 91,131,138) (S 187,138,131) (S 45,45,45) (D 0,1,1)
 0 1 13 233 1205 15 (D 0,1,1) (S 113,68,67) (S 17,67,68) (S 70,70,70) (S 115,70,69) (S 22,71,72) (S 24,72,74) (S 119,73,72) (S 23,72,73) (S 28,74,76) (S 123,76,75) (S 75,75,75) (S 116,71,70) (S 98,56,55) (D 0,1,1)
 0 1 14 234 1167 5 (D 0,1,1) (S 60,108,109) (S 156,109,108) (S 142,93,64) (D 0,1,1)
 0 1 15 235 1269 15 (D 0,1,1) (S 16,66,67) (S 20,70,71) (S 192,70,58) (S 96,58,70) (S 100,58,57) (S 4,57,58) (S 5,58,59) (S 6,59,60) (S 103,60,45) (S 44,44,44) (S 7,45,60) (S 102,60,59) (S 2,55,56) (D 0,1,1)
 0 1 16 232 1534 14 (D 0,1,1) (S 88,134,136) (S 78,3,128) (S 111,66,62) (S 47,63,93) (S 95,95,95) (S 48,95,96) (S 96,96,96) (S 144,96,95) (S 51,96,99) (S 147,99,96) (S 49,96,97) (S 145,97,96) (D 0,1,1)
 0 1 17 230 1436 10 (D 0,1,1) (S 149,100,99) (S 53,99,100) (S 148,99,97) (S 52,97,99) (S 15,62,66) (S 112,67,66) (S 97,55,54) (S 1,54,55) (D 0,1,1)
 0 1 18 234 1497 12 (D 0,1,1) (S 35,35,35) (S 36,36,36) (S 38,38,38) (S 39,39,39) (S 41,41,41) (S 26,44,73) (S 122,73,44) (S 8,60,61) (S 61,61,61) (S 25,25,25) (D 0,1,1)
 0 1 19 235 1265 13 (D 0,1,1) (S 99,57,56) (S 93,55,140) (S 189,140,55) (S 94,54,140) (S 190,140,54) (S 49,49,49) (S 48,48,48) (S 10,49,61) (S 106,61,49) (S 105,61,59) (S 9,59,61) (D 0,1,1)
 0 1 20 235 1866 10 (D 0,1,1) (S 27,75,76) (S 101,59,58) (S 104,61,60) (S 51,51,51) (S 3,56,57) (S 12,12,12) (S 13,13,13) (S 20,20,20) (D 0,1,1)
 0 1 21 232 1657 11 (D 0,1,1) (S 28,28,28) (S 30,30,30) (S 32,32,32) (S 24,24,24) (S 191,27,11) (S 8,8,8) (S 7,7,7) (S 95,11,27) (S 14,14,14) (D 0,1,1)
 0 1 22 14 992 3 (D 0,1,1) (S 21,21,21) (D 0,1,1)
