50634
19
300182815
235994686
 0 1 1 1872 2483 12 (D 0,86,86) (S 87,87,87) (S 74,74,74) (S 75,75,75) (S 23,75,74) (S 15,61,62) (S 62,62,62) (S 16,63,50) (S 51,51,51) (S 65,65,65) (S 45,125,124) (D 0,86,86)
 0 1 2 1874 2353 11 (D 0,86,86) (S 85,85,85) (S 109,109,109) (S 120,120,120) (S 49,131,132) (S 132,132,132) (S 121,121,121) (S 108,108,108) (S 38,108,95) (S 98,98,98) (D 0,86,86)
 0 1 3 1872 2740 12 (D 0,86,86) (S 84,84,84) (S 83,83,83) (S 28,84,96) (S 33,95,84) (S 27,84,70) (S 21,70,83) (S 40,110,111) (S 100,100,100) (S 76,76,76) (S 30,91,79) (D 0,86,86)
 0 1 4 1857 2513 10 (D 0,86,86) (S 99,99,99) (S 34,99,98) (S 22,73,60) (S 14,60,61) (S 48,48,48) (S 47,47,47) (S 46,46,46) (S 135,135,135) (D 0,86,86)
 0 1 5 1848 2472 9 (D 0,86,86) (S 94,94,94) (S 39,108,109) (S 133,133,133) (S 50,133,143) (S 143,143,143) (S 142,142,142) (S 60,147,146) (D 0,86,86)
 0 1 6 1850 2498 8 (D 0,86,86) (S 71,71,71) (S 58,58,58) (S 45,45,45) (S 44,44,44) (S 8,37,38) (S 9,38,37) (D 0,86,86)
 0 1 7 1872 2708 11 (D 0,86,86) (S 36,100,101) (S 101,101,101) (S 103,103,103) (S 127,127,127) (S 47,127,128) (S 116,116,116) (S 117,117,117) (S 52,138,128) (S 41,114,113) (D 0,86,86)
 0 1 8 1818 2474 10 (D 0,86,86) (S 35,100,89) (S 50,50,50) (S 11,50,51) (S 64,64,64) (S 17,64,77) (S 24,77,76) (S 39,39,39) (S 29,29,29) (D 0,86,86)
 0 1 9 1844 2410 10 (D 0,86,86) (S 113,113,113) (S 125,125,125) (S 124,124,124) (S 123,123,123) (S 44,123,111) (S 51,136,137) (S 137,137,137) (S 148,148,148) (D 0,86,86)
 0 1 10 1871 2839 11 (D 0,86,86) (S 27,27,27) (S 7,27,28) (S 28,28,28) (S 6,6,6) (S 16,16,16) (S 30,30,30) (S 41,41,41) (S 13,53,52) (S 54,140,141) (D 0,86,86)
 0 1 11 1832 2543 9 (D 0,86,86) (S 18,65,52) (S 12,52,51) (S 19,65,78) (S 79,79,79) (S 67,67,67) (S 54,54,54) (S 53,53,53) (D 0,86,86)
 0 1 12 1862 3439 11 (D 0,86,86) (S 122,122,122) (S 140,140,140) (S 53,140,118) (S 55,141,131) (S 56,142,132) (S 57,142,141) (S 59,145,144) (S 114,114,114) (S 12,12,12) (D 0,86,86)
 0 1 13 1770 2445 8 (D 0,86,86) (S 3,15,14) (S 14,14,14) (S 13,13,13) (S 22,22,22) (S 2,2,2) (S 3,3,3) (D 0,86,86)
 0 1 14 1785 2564 8 (D 0,86,86) (S 5,5,5) (S 10,10,10) (S 5,19,18) (S 4,17,8) (S 2,12,21) (S 20,20,20) (D 0,86,86)
 0 1 15 1830 2811 8 (D 0,86,86) (S 29,90,78) (S 80,80,80) (S 92,92,92) (S 37,104,115) (S 42,116,129) (S 139,139,139) (D 0,86,86)
 0 1 16 1791 2559 8 (D 0,86,86) (S 91,91,91) (S 31,93,82) (S 26,82,69) (S 68,68,68) (S 25,81,80) (S 130,130,130) (D 0,86,86)
 0 1 17 1804 2560 7 (D 0,86,86) (S 1,4,5) (S 42,42,42) (S 10,42,41) (S 32,32,32) (S 33,33,33) (D 0,86,86)
 0 1 18 1791 2988 7 (D 0,86,86) (S 144,144,144) (S 58,144,134) (S 46,126,137) (S 150,150,150) (S 20,69,56) (D 0,86,86)
 0 1 19 1770 3235 7 (D 0,86,86) (S 32,93,106) (S 43,117,106) (S 48,129,128) (S 43,43,43) (S 6,20,11) (D 0,86,86)
