25322
11
109998946
54760132
 0 1 1 1842 2302 12 (D 0,1,1) (S 2,2,2) (S 9,9,9) (S 17,17,17) (S 16,16,16) (S 26,26,26) (S 32,32,32) (S 45,45,45) (S 46,46,46) (S 34,34,34) (S 4,21,20) (D 0,1,1)
 0 1 2 1849 2174 10 (D 0,1,1) (S 3,3,3) (S 4,4,4) (S 5,5,5) (S 12,12,12) (S 11,11,11) (S 10,10,10) (S 19,19,19) (S 21,21,21) (D 0,1,1)
 0 1 3 1855 2329 10 (D 0,1,1) (S 18,18,18) (S 27,27,27) (S 35,35,35) (S 36,36,36) (S 37,37,37) (S 38,38,38) (S 28,28,28) (S 6,39,40) (D 0,1,1)
 0 1 4 1860 2441 8 (D 0,1,1) (S 3,16,1) (S 1,4,11) (S 2,11,5) (S 6,6,6) (S 22,22,22) (S 24,24,24) (D 0,1,1)
 0 1 5 1806 2307 8 (D 0,1,1) (S 20,20,20) (S 23,23,23) (S 29,29,29) (S 39,39,39) (S 42,42,42) (S 51,51,51) (D 0,1,1)
 0 1 6 1837 2306 8 (D 0,1,1) (S 33,33,33) (S 55,55,55) (S 56,56,56) (S 64,64,64) (S 47,47,47) (S 10,63,55) (D 0,1,1)
 0 1 7 1799 2269 8 (D 0,1,1) (S 62,62,62) (S 9,62,54) (S 63,63,63) (S 65,65,65) (S 57,57,57) (S 49,49,49) (D 0,1,1)
 0 1 8 1861 2500 9 (D 0,1,1) (S 5,35,48) (S 48,48,48) (S 58,58,58) (S 59,59,59) (S 66,66,66) (S 67,67,67) (S 41,41,41) (D 0,1,1)
 0 1 9 1758 2353 10 (D 0,1,1) (S 7,7,7) (S 14,14,14) (S 15,15,15) (S 8,8,8) (S 25,25,25) (S 31,31,31) (S 44,44,44) (S 43,43,43) (D 0,1,1)
 0 1 10 1836 2649 10 (D 0,1,1) (S 50,50,50) (S 60,60,60) (S 61,61,61) (S 52,52,52) (S 68,68,68) (S 69,69,69) (S 53,53,53) (S 11,65,66) (D 0,1,1)
 0 1 11 1120 1692 5 (D 0,1,1) (S 40,40,40) (S 7,51,50) (S 8,59,50) (D 0,1,1)
