379
9
 0 1 1 27 41 8 (D 0,1,1) (S 15,1,2) (S 6,6,6) (S 39,4,6) (S 34,4,5) (S 5,5,5) (S 37,1,9) (D 0,1,1)
 0 1 2 27 41 5 (D 0,1,1) (S 2,2,2) (S 30,6,11) (S 32,3,6) (D 0,1,1)
 0 1 3 27 43 5 (D 0,1,1) (S 4,4,4) (S 41,4,9) (S 42,7,10) (D 0,1,1)
 0 1 4 26 40 5 (D 0,1,1) (S 8,8,8) (S 11,11,11) (S 40,1,3) (D 0,1,1)
 0 1 5 26 32 5 (D 0,1,1) (S 38,1,7) (S 7,7,7) (S 25,3,7) (D 0,1,1)
 0 1 6 25 35 5 (D 0,1,1) (S 28,1,10) (S 3,3,3) (S 29,3,8) (D 0,1,1)
 0 1 7 27 36 4 (D 0,1,1) (S 9,9,9) (S 27,1,6) (D 0,1,1)
 0 1 8 26 56 7 (D 0,1,1) (S 26,1,5) (S 22,5,8) (S 24,7,11) (S 31,10,11) (S 23,6,7) (D 0,1,1)
 0 1 9 17 55 6 (D 0,1,1) (S 36,6,9) (S 21,3,4) (S 33,5,10) (S 35,5,9) (D 0,1,1)
