1129
8
 0 1 1 75 132 14 (D 0,1,1) (S 6,6,6) (S 46,6,1) (S 81,12,13) (S 13,13,13) (S 14,14,14) (S 15,15,15) (S 23,23,23) (S 55,23,22) (S 22,22,22) (S 45,22,21) (S 58,21,22) (S 66,45,43) (D 0,1,1)
 0 1 2 74 137 15 (D 0,1,1) (S 54,6,13) (S 84,13,6) (S 86,6,7) (S 73,7,8) (S 8,8,8) (S 9,9,9) (S 16,16,16) (S 43,16,24) (S 24,24,24) (S 25,25,25) (S 28,28,28) (S 37,37,37) (S 62,41,48) (D 0,1,1)
 0 1 3 74 132 17 (D 0,1,1) (S 47,12,11) (S 19,19,19) (S 80,19,26) (S 26,26,26) (S 61,30,26) (S 41,26,18) (S 57,18,26) (S 69,30,34) (S 52,34,30) (S 40,40,40) (S 47,47,47) (S 75,47,40) (S 48,48,48) (S 59,41,49) (S 44,44,44) (D 0,1,1)
 0 1 4 75 136 15 (D 0,1,1) (S 5,5,5) (S 68,11,5) (S 78,11,12) (S 76,23,31) (S 31,31,31) (S 64,31,37) (S 77,37,43) (S 43,43,43) (S 45,45,45) (S 48,43,37) (S 36,36,36) (S 42,42,42) (S 67,35,34) (D 0,1,1)
 0 1 5 75 140 9 (D 0,1,1) (S 65,7,13) (S 27,27,27) (S 35,35,35) (S 42,35,41) (S 49,49,49) (S 33,33,33) (S 46,46,46) (D 0,1,1)
 0 1 6 74 183 13 (D 0,1,1) (S 83,7,6) (S 82,18,29) (S 39,39,39) (S 53,42,41) (S 87,50,45) (S 49,45,50) (S 50,50,43) (S 38,38,38) (S 63,38,28) (S 32,32,32) (S 71,31,23) (D 0,1,1)
 0 1 7 75 222 12 (D 0,1,1) (S 70,16,9) (S 10,10,10) (S 17,17,17) (S 74,24,23) (S 44,37,38) (S 60,38,45) (S 51,28,38) (S 72,20,30) (S 56,5,18) (S 79,2,1) (D 0,1,1)
 0 1 8 6 47 3 (D 0,1,1) (S 85,4,10) (D 0,1,1)
