56940
24
 0 1 1 1718 2135 12 (D 0,1,1) (S 1,1,2) (S 2,2,2) (S 3,2,13) (S 13,13,13) (S 12,12,12) (S 14,12,23) (S 30,23,24) (S 24,24,24) (S 55,37,38) (S 19,16,15) (D 0,1,1)
 0 1 2 1712 2267 9 (D 0,1,1) (S 2,2,3) (S 3,3,3) (S 4,4,4) (S 5,5,5) (S 17,17,17) (S 10,9,20) (S 44,32,33) (D 0,1,1)
 0 1 3 1715 2343 12 (D 0,1,1) (S 4,3,14) (S 14,14,14) (S 15,14,25) (S 25,25,25) (S 33,25,36) (S 36,36,36) (S 54,36,47) (S 72,47,58) (S 89,58,57) (S 105,72,71) (D 0,1,1)
 0 1 4 1723 2151 8 (D 0,1,1) (S 23,23,23) (S 34,34,34) (S 45,45,45) (S 68,45,46) (S 46,46,46) (S 104,69,70) (D 0,1,1)
 0 1 5 1713 2298 10 (D 0,1,1) (S 13,12,1) (S 6,6,6) (S 5,6,17) (S 20,17,6) (S 7,7,7) (S 6,7,8) (S 24,19,18) (S 40,29,39) (D 0,1,1)
 0 1 6 1713 2407 9 (D 0,1,1) (S 32,24,25) (S 34,26,27) (S 27,27,27) (S 28,28,28) (S 38,28,17) (S 26,19,31) (S 47,33,32) (D 0,1,1)
 0 1 7 1720 2595 13 (D 0,1,1) (S 31,24,13) (S 56,56,56) (S 67,67,67) (S 68,68,68) (S 103,68,69) (S 69,69,69) (S 70,70,70) (S 59,59,59) (S 73,48,37) (S 57,38,37) (S 97,62,73) (D 0,1,1)
 0 1 8 1724 2590 10 (D 0,1,1) (S 15,15,15) (S 17,15,14) (S 35,26,37) (S 37,37,37) (S 38,38,38) (S 37,27,38) (S 41,30,31) (S 99,65,54) (D 0,1,1)
 0 1 9 1682 2080 7 (D 0,1,1) (S 53,36,35) (S 35,35,35) (S 52,35,46) (S 69,46,47) (S 71,47,48) (D 0,1,1)
 0 1 10 1697 2312 9 (D 0,1,1) (S 16,16,16) (S 18,16,5) (S 7,7,18) (S 18,18,18) (S 21,18,17) (S 16,15,4) (S 19,19,19) (D 0,1,1)
 0 1 11 1723 2411 10 (D 0,1,1) (S 36,27,16) (S 56,38,27) (S 39,29,30) (S 30,30,30) (S 31,31,31) (S 42,31,20) (S 20,20,20) (S 22,22,22) (D 0,1,1)
 0 1 12 1720 2240 8 (D 0,1,1) (S 70,47,46) (S 48,48,48) (S 74,48,59) (S 60,60,60) (S 93,61,72) (S 72,72,72) (D 0,1,1)
 0 1 13 1711 2562 10 (D 0,1,1) (S 50,35,34) (S 57,57,57) (S 88,57,68) (S 71,71,71) (S 92,61,50) (S 77,49,60) (S 94,61,73) (S 64,64,64) (D 0,1,1)
 0 1 14 1682 2398 8 (D 0,1,1) (S 49,35,24) (S 51,35,36) (S 87,57,46) (S 90,60,59) (S 91,60,61) (S 61,61,61) (D 0,1,1)
 0 1 15 1716 2502 8 (D 0,1,1) (S 8,8,19) (S 25,19,29) (S 58,39,28) (S 61,39,50) (S 79,50,51) (S 29,22,21) (D 0,1,1)
 0 1 16 1683 2281 9 (D 0,1,1) (S 10,10,10) (S 12,10,11) (S 21,21,21) (S 27,21,20) (S 43,31,32) (S 32,32,32) (S 33,33,33) (D 0,1,1)
 0 1 17 1715 2437 8 (D 0,1,1) (S 9,9,19) (S 23,19,9) (S 11,10,9) (S 22,19,7) (S 42,42,42) (S 65,42,41) (D 0,1,1)
 0 1 18 1714 2411 9 (D 0,1,1) (S 50,50,50) (S 51,51,51) (S 80,51,62) (S 95,62,51) (S 96,62,63) (S 53,53,53) (S 59,39,29) (D 0,1,1)
 0 1 19 1688 2354 7 (D 0,1,1) (S 60,39,49) (S 76,49,48) (S 73,73,73) (S 106,73,72) (S 78,50,49) (D 0,1,1)
 0 1 20 1692 2558 9 (D 0,1,1) (S 45,32,43) (S 66,43,32) (S 46,33,22) (S 28,21,32) (S 67,43,42) (S 41,41,41) (S 83,53,54) (D 0,1,1)
 0 1 21 1703 2665 11 (D 0,1,1) (S 75,49,38) (S 54,54,54) (S 84,54,55) (S 55,55,55) (S 85,55,44) (S 48,33,44) (S 64,41,40) (S 40,40,40) (S 107,74,63) (D 0,1,1)
 0 1 22 1673 2519 8 (D 0,1,1) (S 63,41,30) (S 62,40,51) (S 63,63,63) (S 82,52,51) (S 74,74,74) (S 75,75,75) (D 0,1,1)
 0 1 23 1546 2319 9 (D 0,1,1) (S 81,52,41) (S 86,55,66) (S 66,66,66) (S 102,66,65) (S 65,65,65) (S 100,65,64) (S 98,64,63) (D 0,1,1)
 0 1 24 1446 2105 6 (D 0,1,1) (S 101,65,76) (S 76,76,76) (S 77,77,77) (S 108,77,66) (D 0,1,1)
