573
9
 0 1 1 27 65 7 (D 0,1,1) (S 23,1,19) (S 21,2,12) (S 22,2,1) (S 17,17,17) (S 27,16,17) (D 0,1,1)
 0 1 2 27 67 7 (D 0,1,1) (S 24,24,24) (S 15,22,23) (S 35,23,26) (S 26,26,27) (S 33,25,26) (D 0,1,1)
 0 1 3 27 71 7 (D 0,1,1) (S 34,1,27) (S 29,22,25) (S 24,18,21) (S 21,21,21) (S 14,21,25) (D 0,1,1)
 0 1 4 27 53 5 (D 0,1,1) (S 3,3,3) (S 5,5,5) (S 17,5,6) (D 0,1,1)
 0 1 5 24 71 6 (D 0,1,1) (S 15,15,15) (S 31,15,17) (S 28,13,15) (S 30,20,21) (D 0,1,1)
 0 1 6 27 66 5 (D 0,1,1) (S 6,6,6) (S 18,6,8) (S 16,8,9) (D 0,1,1)
 0 1 7 22 50 4 (D 0,1,1) (S 14,14,14) (S 32,14,18) (D 0,1,1)
 0 1 8 25 69 4 (D 0,1,1) (S 4,4,4) (S 25,7,11) (D 0,1,1)
 0 1 9 16 61 4 (D 0,1,1) (S 20,23,24) (S 19,18,25) (D 0,1,1)
