408
9
 0 1 1 27 38 8 (D 0,1,1) (S 32,1,2) (S 34,2,4) (S 4,4,4) (S 30,4,5) (S 5,5,5) (S 16,5,7) (D 0,1,1)
 0 1 2 27 30 4 (D 0,1,1) (S 31,1,4) (S 2,2,2) (D 0,1,1)
 0 1 3 27 42 7 (D 0,1,1) (S 8,8,8) (S 7,7,7) (S 21,7,9) (S 38,3,7) (S 24,7,10) (D 0,1,1)
 0 1 4 27 52 7 (D 0,1,1) (S 11,11,11) (S 3,3,3) (S 17,3,10) (S 26,4,9) (S 39,1,3) (D 0,1,1)
 0 1 5 26 50 7 (D 0,1,1) (S 35,2,6) (S 18,4,10) (S 19,1,10) (S 9,9,9) (S 27,5,11) (D 0,1,1)
 0 1 6 27 37 4 (D 0,1,1) (S 6,6,6) (S 41,6,9) (D 0,1,1)
 0 1 7 26 49 6 (D 0,1,1) (S 33,1,5) (S 37,4,11) (S 25,2,7) (S 40,8,11) (D 0,1,1)
 0 1 8 23 47 5 (D 0,1,1) (S 20,8,9) (S 22,8,10) (S 23,2,3) (D 0,1,1)
 0 1 9 27 63 6 (D 0,1,1) (S 29,2,8) (S 36,4,8) (S 42,2,10) (S 28,3,4) (D 0,1,1)
