412
9
 0 1 1 27 38 8 (D 0,1,1) (S 28,1,11) (S 2,2,2) (S 20,2,4) (S 4,4,4) (S 3,3,3) (S 31,3,5) (D 0,1,1)
 0 1 2 27 36 6 (D 0,1,1) (S 8,8,8) (S 7,7,7) (S 16,3,7) (S 24,3,11) (D 0,1,1)
 0 1 3 27 38 6 (D 0,1,1) (S 30,1,7) (S 12,7,9) (S 5,5,5) (S 26,5,8) (D 0,1,1)
 0 1 4 27 52 8 (D 0,1,1) (S 36,2,6) (S 33,2,11) (S 34,1,10) (S 10,10,10) (S 22,2,7) (S 21,4,9) (D 0,1,1)
 0 1 5 27 49 6 (D 0,1,1) (S 9,9,9) (S 17,3,10) (S 42,4,10) (S 35,1,3) (D 0,1,1)
 0 1 6 26 46 6 (D 0,1,1) (S 19,1,6) (S 23,4,11) (S 29,1,5) (S 37,5,11) (D 0,1,1)
 0 1 7 27 61 7 (D 0,1,1) (S 40,4,7) (S 14,3,9) (S 32,3,8) (S 13,8,11) (S 41,4,8) (D 0,1,1)
 0 1 8 24 57 6 (D 0,1,1) (S 27,6,7) (S 15,3,4) (S 38,6,10) (S 25,2,8) (D 0,1,1)
 0 1 9 13 35 4 (D 0,1,1) (S 39,2,10) (S 18,2,5) (D 0,1,1)
