36713
15
135267222
54412204
 0 1 1 1811 2278 11 (D 0,1,1) (S 1,1,2) (S 2,2,2) (S 3,2,11) (S 11,11,11) (S 16,11,10) (S 10,10,10) (S 15,10,18) (S 26,19,20) (S 45,31,32) (D 0,1,1)
 0 1 2 1808 2193 8 (D 0,1,1) (S 2,2,3) (S 3,3,3) (S 5,3,12) (S 12,12,12) (S 14,10,1) (S 28,20,19) (D 0,1,1)
 0 1 3 1815 2760 10 (D 0,1,1) (S 4,3,4) (S 4,4,4) (S 6,4,3) (S 18,18,18) (S 19,19,19) (S 25,19,11) (S 27,20,12) (S 55,43,42) (D 0,1,1)
 0 1 4 1802 2324 10 (D 0,1,1) (S 20,20,20) (S 46,31,38) (S 43,43,43) (S 56,43,44) (S 44,44,44) (S 58,44,45) (S 40,40,40) (S 53,39,32) (D 0,1,1)
 0 1 5 1815 2867 12 (D 0,1,1) (S 43,29,30) (S 30,30,30) (S 32,32,32) (S 47,32,39) (S 39,39,39) (S 54,39,40) (S 57,44,39) (S 34,34,34) (S 49,34,33) (S 41,26,17) (D 0,1,1)
 0 1 6 1807 2547 11 (D 0,1,1) (S 6,6,6) (S 7,6,14) (S 14,14,14) (S 20,14,23) (S 23,23,23) (S 34,23,14) (S 36,23,24) (S 26,26,26) (S 62,47,46) (D 0,1,1)
 0 1 7 1809 2319 9 (D 0,1,1) (S 7,7,7) (S 8,7,8) (S 11,8,16) (S 16,16,16) (S 22,16,15) (S 15,15,15) (S 33,22,21) (D 0,1,1)
 0 1 8 1802 2727 12 (D 0,1,1) (S 19,14,13) (S 17,13,5) (S 9,7,16) (S 23,16,25) (S 25,25,25) (S 39,25,16) (S 10,8,9) (S 9,9,9) (S 37,37,37) (S 47,47,47) (D 0,1,1)
 0 1 9 1762 2862 9 (D 0,1,1) (S 44,30,42) (S 41,41,41) (S 33,33,33) (S 27,27,27) (S 42,27,21) (S 31,21,20) (S 61,47,35) (D 0,1,1)
 0 1 10 1787 2277 7 (D 0,1,1) (S 35,23,22) (S 22,22,22) (S 28,28,28) (S 50,34,35) (S 35,35,35) (D 0,1,1)
 0 1 11 1805 2838 9 (D 0,1,1) (S 24,24,24) (S 37,24,25) (S 17,17,17) (S 24,16,26) (S 40,26,16) (S 18,13,22) (S 60,46,47) (D 0,1,1)
 0 1 12 1778 2419 8 (D 0,1,1) (S 13,9,17) (S 21,15,24) (S 38,24,36) (S 36,36,36) (S 51,36,35) (S 21,21,21) (D 0,1,1)
 0 1 13 1677 2472 7 (D 0,1,1) (S 12,9,8) (S 49,49,49) (S 52,36,48) (S 48,48,48) (S 63,48,47) (D 0,1,1)
 0 1 14 1741 3066 8 (D 0,1,1) (S 48,33,40) (S 32,21,27) (S 29,21,4) (S 30,21,5) (S 64,48,49) (S 46,46,46) (D 0,1,1)
 0 1 15 193 764 3 (D 0,1,1) (S 59,46,34) (D 0,1,1)
