43173
45
300423308
209406323
 0 1 1 118 331 8 (D 0,1,1) (S 151,1,116) (S 115,115,115) (S 150,115,116) (S 152,116,117) (S 156,117,119) (S 119,119,119) (D 0,1,1)
 0 1 2 120 473 9 (D 0,1,1) (S 153,115,117) (S 154,2,117) (S 157,119,120) (S 161,120,121) (S 162,121,122) (S 164,122,123) (S 123,123,123) (D 0,1,1)
 0 1 3 118 545 7 (D 0,1,1) (S 146,112,113) (S 148,113,114) (S 149,114,115) (S 155,117,118) (S 160,118,121) (D 0,1,1)
 0 1 4 118 608 9 (D 0,1,1) (S 118,118,118) (S 90,90,90) (S 113,90,91) (S 134,91,103) (S 112,88,90) (S 111,88,89) (S 116,89,92) (D 0,1,1)
 0 1 5 120 846 11 (D 0,1,1) (S 143,110,111) (S 144,110,112) (S 142,107,110) (S 145,107,112) (S 139,107,108) (S 108,108,108) (S 106,106,106) (S 136,104,105) (S 125,97,98) (D 0,1,1)
 0 1 6 120 535 8 (D 0,1,1) (S 166,120,123) (S 165,123,124) (S 124,124,124) (S 169,124,126) (S 126,126,126) (S 109,86,87) (D 0,1,1)
 0 1 7 120 1007 8 (D 0,1,1) (S 158,114,118) (S 163,87,122) (S 167,123,125) (S 184,136,138) (S 177,131,132) (S 55,43,46) (D 0,1,1)
 0 1 8 120 756 8 (D 0,1,1) (S 84,84,84) (S 107,84,85) (S 108,85,86) (S 110,86,88) (S 159,91,118) (S 103,82,83) (D 0,1,1)
 0 1 9 119 847 8 (D 0,1,1) (S 138,106,107) (S 137,105,106) (S 140,106,108) (S 101,101,101) (S 130,94,101) (S 76,62,63) (D 0,1,1)
 0 1 10 119 704 9 (D 0,1,1) (S 186,125,138) (S 136,136,136) (S 183,136,137) (S 181,134,135) (S 135,135,135) (S 179,133,134) (S 178,132,133) (D 0,1,1)
 0 1 11 118 669 8 (D 0,1,1) (S 170,126,127) (S 174,127,129) (S 171,127,128) (S 173,128,129) (S 176,126,131) (S 131,131,131) (D 0,1,1)
 0 1 12 120 548 8 (D 0,1,1) (S 83,83,83) (S 81,81,81) (S 79,79,79) (S 100,79,81) (S 104,81,83) (S 106,83,84) (D 0,1,1)
 0 1 13 119 887 8 (D 0,1,1) (S 147,103,113) (S 135,102,104) (S 94,94,94) (S 129,94,100) (S 132,101,102) (S 83,67,69) (D 0,1,1)
 0 1 14 118 821 9 (D 0,1,1) (S 105,82,84) (S 118,84,92) (S 101,80,81) (S 99,79,80) (S 102,80,82) (S 117,82,92) (S 98,78,79) (D 0,1,1)
 0 1 15 119 1011 8 (D 0,1,1) (S 175,126,130) (S 180,133,135) (S 182,134,136) (S 76,76,76) (S 95,76,77) (S 54,46,47) (D 0,1,1)
 0 1 16 117 752 8 (D 0,1,1) (S 66,66,66) (S 131,66,101) (S 121,93,94) (S 63,63,63) (S 77,63,64) (S 78,64,65) (D 0,1,1)
 0 1 17 117 662 10 (D 0,1,1) (S 67,67,67) (S 69,69,69) (S 86,69,71) (S 87,71,72) (S 72,72,72) (S 89,72,74) (S 90,73,74) (S 84,69,70) (D 0,1,1)
 0 1 18 118 890 7 (D 0,1,1) (S 133,102,103) (S 122,94,95) (S 123,95,96) (S 126,96,99) (S 82,67,68) (D 0,1,1)
 0 1 19 120 1316 9 (D 0,1,1) (S 185,131,138) (S 172,3,128) (S 97,77,78) (S 53,42,47) (S 48,42,43) (S 38,35,36) (S 52,34,45) (D 0,1,1)
 0 1 20 119 664 4 (D 0,1,1) (S 141,108,109) (S 109,109,109) (D 0,1,1)
 0 1 21 119 873 8 (D 0,1,1) (S 81,66,67) (S 85,70,71) (S 88,72,73) (S 94,74,76) (S 96,46,77) (S 49,37,43) (D 0,1,1)
 0 1 22 117 1000 7 (D 0,1,1) (S 190,58,70) (S 92,71,75) (S 93,75,76) (S 47,37,42) (S 42,38,39) (D 0,1,1)
 0 1 23 118 949 8 (D 0,1,1) (S 120,63,93) (S 119,64,93) (S 75,57,62) (S 68,57,58) (S 59,59,59) (S 60,60,60) (D 0,1,1)
 0 1 24 120 966 8 (D 0,1,1) (S 124,96,97) (S 127,97,99) (S 128,99,100) (S 66,55,56) (S 54,54,54) (S 65,54,55) (D 0,1,1)
 0 1 25 120 1050 5 (D 0,1,1) (S 115,66,91) (S 80,62,66) (S 187,55,140) (D 0,1,1)
 0 1 26 118 941 5 (D 0,1,1) (S 114,68,90) (S 69,58,59) (S 45,45,45) (D 0,1,1)
 0 1 27 120 903 8 (D 0,1,1) (S 50,43,44) (S 44,44,44) (S 51,44,45) (S 71,45,60) (S 70,59,60) (S 74,49,61) (D 0,1,1)
 0 1 28 118 957 5 (D 0,1,1) (S 168,4,124) (S 35,35,35) (S 39,35,37) (D 0,1,1)
 0 1 29 118 951 9 (D 0,1,1) (S 140,140,140) (S 53,53,53) (S 62,52,53) (S 63,53,140) (S 188,54,140) (S 59,48,50) (S 50,50,50) (D 0,1,1)
 0 1 30 119 1171 9 (D 0,1,1) (S 40,36,37) (S 41,36,38) (S 38,38,38) (S 39,39,39) (S 45,38,41) (S 41,41,41) (S 30,28,30) (D 0,1,1)
 0 1 31 120 1211 8 (D 0,1,1) (S 73,59,61) (S 58,48,49) (S 64,49,140) (S 79,56,65) (S 61,51,52) (S 56,33,139) (D 0,1,1)
 0 1 32 119 1107 6 (D 0,1,1) (S 91,44,73) (S 72,60,61) (S 60,50,51) (S 139,139,139) (D 0,1,1)
 0 1 33 120 1193 8 (D 0,1,1) (S 43,39,40) (S 44,40,41) (S 36,34,139) (S 11,11,11) (S 8,12,13) (S 13,13,17) (D 0,1,1)
 0 1 34 116 1245 6 (D 0,1,1) (S 67,56,57) (S 51,51,51) (S 35,11,33) (S 13,13,13) (D 0,1,1)
 0 1 35 118 1114 5 (D 0,1,1) (S 37,34,35) (S 7,11,12) (S 12,12,12) (D 0,1,1)
 0 1 36 120 1294 8 (D 0,1,1) (S 57,48,139) (S 29,28,29) (S 30,30,30) (S 28,27,28) (S 33,30,32) (S 16,18,19) (D 0,1,1)
 0 1 37 119 1275 5 (D 0,1,1) (S 46,41,47) (S 14,13,16) (S 11,15,16) (D 0,1,1)
 0 1 38 118 1332 8 (D 0,1,1) (S 189,11,27) (S 27,25,27) (S 24,24,25) (S 26,26,26) (S 32,26,31) (S 20,20,22) (D 0,1,1)
 0 1 39 116 1163 8 (D 0,1,1) (S 15,17,18) (S 9,13,14) (S 14,14,14) (S 12,15,17) (S 9,9,9) (S 5,9,10) (D 0,1,1)
 0 1 40 110 1141 7 (D 0,1,1) (S 6,6,6) (S 3,6,8) (S 2,6,7) (S 5,5,5) (S 1,5,6) (D 0,1,1)
 0 1 41 119 1365 7 (D 0,1,1) (S 18,12,20) (S 22,22,22) (S 22,20,24) (S 31,31,31) (S 10,10,15) (D 0,1,1)
 0 1 42 117 1253 5 (D 0,1,1) (S 31,30,31) (S 26,23,26) (S 23,23,24) (D 0,1,1)
 0 1 43 117 1264 5 (D 0,1,1) (S 34,29,33) (S 4,8,9) (S 17,10,19) (D 0,1,1)
 0 1 44 106 1286 4 (D 0,1,1) (S 6,8,11) (S 19,20,21) (D 0,1,1)
 0 1 45 103 1297 4 (D 0,1,1) (S 25,25,26) (S 21,21,23) (D 0,1,1)
