41827
17
300158632
220918799
 0 1 1 1821 2341 10 (D 0,72,72) (S 59,59,59) (S 38,59,60) (S 73,73,73) (S 39,60,61) (S 42,61,74) (S 74,74,74) (S 53,74,73) (S 33,33,33) (D 0,72,72)
 0 1 2 1823 2276 11 (D 0,72,72) (S 69,69,69) (S 51,69,68) (S 49,68,67) (S 48,67,66) (S 59,79,80) (S 80,80,80) (S 60,80,81) (S 81,81,81) (S 62,81,94) (D 0,72,72)
 0 1 3 1817 2596 12 (D 0,72,72) (S 52,70,83) (S 65,83,96) (S 75,93,80) (S 61,81,82) (S 63,82,83) (S 64,83,84) (S 66,84,71) (S 50,69,56) (S 56,56,56) (S 23,43,42) (D 0,72,72)
 0 1 4 1825 2835 11 (D 0,72,72) (S 17,33,20) (S 18,18,18) (S 6,6,6) (S 3,6,7) (S 8,8,8) (S 6,21,20) (S 16,16,16) (S 12,27,28) (S 84,111,112) (D 0,72,72)
 0 1 5 1820 2181 9 (D 0,72,72) (S 41,61,62) (S 62,62,62) (S 63,63,63) (S 44,63,64) (S 45,64,51) (S 29,49,62) (S 43,62,75) (D 0,72,72)
 0 1 6 1815 2271 9 (D 0,72,72) (S 40,61,48) (S 35,35,35) (S 18,36,37) (S 19,37,38) (S 39,39,39) (S 30,52,51) (S 77,77,77) (D 0,72,72)
 0 1 7 1823 2438 10 (D 0,72,72) (S 25,45,44) (S 24,44,43) (S 43,43,43) (S 22,43,30) (S 30,30,30) (S 13,27,40) (S 32,54,67) (S 67,85,86) (D 0,72,72)
 0 1 8 1820 2722 10 (D 0,72,72) (S 26,45,58) (S 37,58,71) (S 57,57,57) (S 35,57,70) (S 34,57,44) (S 42,42,42) (S 14,28,29) (S 10,25,38) (D 0,72,72)
 0 1 9 1822 2858 12 (D 0,72,72) (S 36,58,59) (S 69,87,88) (S 88,88,88) (S 70,88,75) (S 71,88,89) (S 72,90,77) (S 57,77,76) (S 56,76,89) (S 73,90,91) (S 9,25,24) (D 0,72,72)
 0 1 10 1817 2519 8 (D 0,72,72) (S 27,47,46) (S 16,31,32) (S 29,29,29) (S 15,30,31) (S 27,27,27) (S 40,40,40) (D 0,72,72)
 0 1 11 1826 2786 10 (D 0,72,72) (S 28,47,60) (S 46,65,52) (S 47,65,78) (S 58,78,77) (S 54,76,63) (S 55,76,75) (S 104,104,104) (S 116,116,116) (D 0,72,72)
 0 1 12 1809 2423 9 (D 0,72,72) (S 68,85,98) (S 79,98,97) (S 76,97,84) (S 77,97,96) (S 92,92,92) (S 105,105,105) (S 107,107,107) (D 0,72,72)
 0 1 13 1823 2538 7 (D 0,72,72) (S 21,42,41) (S 41,41,41) (S 31,54,41) (S 1,1,1) (S 33,55,68) (D 0,72,72)
 0 1 14 1783 2629 8 (D 0,72,72) (S 20,42,29) (S 1,2,15) (S 2,3,4) (S 10,10,10) (S 4,10,11) (S 12,12,12) (D 0,72,72)
 0 1 15 1753 2586 10 (D 0,72,72) (S 78,97,110) (S 83,110,111) (S 85,113,114) (S 114,114,114) (S 86,115,116) (S 87,116,117) (S 80,102,101) (S 74,92,79) (D 0,72,72)
 0 1 16 1816 2800 10 (D 0,72,72) (S 7,22,9) (S 5,13,26) (S 11,26,25) (S 8,24,37) (S 81,104,103) (S 101,101,101) (S 99,99,99) (S 88,117,104) (D 0,72,72)
 0 1 17 623 1028 5 (D 0,72,72) (S 82,107,108) (S 108,108,108) (S 109,109,109) (D 0,72,72)
