26916
28
167273908
89856665
 0 1 1 129 821 9 (D 0,1,1) (S 1,1,2) (S 2,2,3) (S 3,2,4) (S 4,4,5) (S 6,5,7) (S 60,50,52) (S 95,21,51) (D 0,1,1)
 0 1 2 128 655 8 (D 0,1,1) (S 5,5,6) (S 7,7,8) (S 8,8,8) (S 8,8,9) (S 9,9,9) (S 91,12,76) (D 0,1,1)
 0 1 3 129 705 6 (D 0,1,1) (S 82,4,69) (S 59,59,59) (S 81,59,69) (S 62,52,53) (D 0,1,1)
 0 1 4 127 646 8 (D 0,1,1) (S 44,44,44) (S 51,44,45) (S 45,45,45) (S 52,45,46) (S 53,44,46) (S 57,47,49) (D 0,1,1)
 0 1 5 129 774 8 (D 0,1,1) (S 9,9,10) (S 10,10,11) (S 11,11,12) (S 12,12,12) (S 92,20,76) (S 94,76,77) (D 0,1,1)
 0 1 6 128 659 7 (D 0,1,1) (S 46,46,46) (S 54,46,47) (S 55,47,48) (S 48,48,48) (S 61,51,53) (D 0,1,1)
 0 1 7 127 926 7 (D 0,1,1) (S 70,58,59) (S 96,44,59) (S 80,58,69) (S 72,58,60) (S 76,63,64) (D 0,1,1)
 0 1 8 130 760 6 (D 0,1,1) (S 74,60,62) (S 62,62,62) (S 78,62,66) (S 79,66,68) (D 0,1,1)
 0 1 9 130 801 8 (D 0,1,1) (S 97,60,67) (S 67,67,67) (S 56,56,56) (S 66,55,56) (S 49,42,43) (S 47,40,41) (D 0,1,1)
 0 1 10 129 663 9 (D 0,1,1) (S 58,49,50) (S 50,50,50) (S 63,52,54) (S 54,54,54) (S 53,53,53) (S 51,51,51) (S 25,22,24) (D 0,1,1)
 0 1 11 127 702 7 (D 0,1,1) (S 76,76,76) (S 77,77,77) (S 13,13,13) (S 14,13,14) (S 15,14,15) (D 0,1,1)
 0 1 12 126 1049 7 (D 0,1,1) (S 73,60,61) (S 75,62,63) (S 77,63,65) (S 98,62,67) (S 44,39,40) (D 0,1,1)
 0 1 13 126 859 9 (D 0,1,1) (S 59,49,51) (S 23,21,22) (S 22,22,22) (S 24,24,24) (S 64,24,53) (S 24,22,75) (S 29,23,26) (D 0,1,1)
 0 1 14 126 794 9 (D 0,1,1) (S 57,57,57) (S 43,43,43) (S 68,42,57) (S 41,41,41) (S 40,40,40) (S 45,35,39) (S 46,35,41) (D 0,1,1)
 0 1 15 128 860 8 (D 0,1,1) (S 12,12,16) (S 16,16,16) (S 16,13,77) (S 13,13,16) (S 93,15,77) (S 21,18,20) (D 0,1,1)
 0 1 16 127 920 5 (D 0,1,1) (S 65,65,65) (S 68,68,68) (S 89,56,67) (D 0,1,1)
 0 1 17 130 1100 6 (D 0,1,1) (S 71,11,59) (S 67,42,56) (S 48,41,42) (S 42,37,38) (D 0,1,1)
 0 1 18 127 1184 6 (D 0,1,1) (S 56,11,48) (S 26,24,25) (S 27,25,75) (S 86,72,73) (D 0,1,1)
 0 1 19 125 1362 7 (D 0,1,1) (S 65,19,50) (S 20,19,20) (S 19,18,19) (S 28,25,26) (S 85,71,73) (D 0,1,1)
 0 1 20 123 1285 8 (D 0,1,1) (S 22,19,21) (S 33,25,29) (S 28,28,28) (S 32,28,29) (S 30,26,27) (S 84,71,72) (D 0,1,1)
 0 1 21 129 1199 6 (D 0,1,1) (S 17,15,17) (S 18,15,18) (S 87,73,74) (S 70,70,70) (D 0,1,1)
 0 1 22 119 1152 7 (D 0,1,1) (S 90,23,75) (S 31,26,28) (S 35,23,31) (S 34,30,31) (S 37,32,33) (D 0,1,1)
 0 1 23 126 1256 5 (D 0,1,1) (S 69,57,58) (S 43,37,39) (S 40,33,36) (D 0,1,1)
 0 1 24 121 1222 4 (D 0,1,1) (S 50,43,44) (S 38,32,34) (D 0,1,1)
 0 1 25 123 1342 4 (D 0,1,1) (S 88,18,72) (S 34,34,34) (D 0,1,1)
 0 1 26 114 1412 4 (D 0,1,1) (S 36,31,32) (S 83,70,71) (D 0,1,1)
 0 1 27 75 902 3 (D 0,1,1) (S 41,33,37) (D 0,1,1)
 0 1 28 86 906 3 (D 0,1,1) (S 39,32,35) (D 0,1,1)
