44370
18
291940430
172281635
 0 1 1 1595 2055 10 (D 0,1,1) (S 8,8,8) (S 6,8,10) (S 10,10,10) (S 11,11,11) (S 9,9,9) (S 12,12,12) (S 9,12,19) (S 28,28,28) (D 0,1,1)
 0 1 2 1613 2253 9 (D 0,1,1) (S 2,2,2) (S 1,2,3) (S 3,3,3) (S 4,4,4) (S 5,5,5) (S 23,25,30) (S 25,27,18) (D 0,1,1)
 0 1 3 1616 2399 11 (D 0,1,1) (S 7,10,17) (S 17,17,17) (S 18,18,18) (S 27,27,27) (S 26,27,26) (S 34,34,34) (S 39,35,27) (S 47,43,46) (S 53,53,53) (D 0,1,1)
 0 1 4 1608 2642 10 (D 0,1,1) (S 26,26,26) (S 24,26,27) (S 38,38,38) (S 44,44,44) (S 43,43,43) (S 55,55,55) (S 54,54,54) (S 50,49,58) (D 0,1,1)
 0 1 5 1578 2566 8 (D 0,1,1) (S 3,3,12) (S 13,13,13) (S 14,14,14) (S 10,14,5) (S 6,6,6) (S 52,51,42) (D 0,1,1)
 0 1 6 1600 2400 8 (D 0,1,1) (S 2,3,2) (S 19,19,19) (S 20,20,20) (S 21,21,21) (S 29,29,29) (S 33,33,33) (D 0,1,1)
 0 1 7 1613 2645 9 (D 0,1,1) (S 13,17,11) (S 8,12,3) (S 4,5,14) (S 22,22,22) (S 16,22,31) (S 31,31,31) (S 58,58,58) (D 0,1,1)
 0 1 8 1611 2504 8 (D 0,1,1) (S 14,18,19) (S 15,20,25) (S 22,25,21) (S 28,29,30) (S 31,30,31) (S 11,15,23) (D 0,1,1)
 0 1 9 1616 2310 8 (D 0,1,1) (S 38,34,36) (S 36,36,36) (S 40,36,34) (S 35,35,35) (S 37,37,37) (S 29,29,39) (D 0,1,1)
 0 1 10 1592 2332 7 (D 0,1,1) (S 45,45,45) (S 52,52,52) (S 46,46,46) (S 48,46,43) (S 54,55,56) (D 0,1,1)
 0 1 11 1608 2339 7 (D 0,1,1) (S 15,15,15) (S 16,16,16) (S 12,16,24) (S 20,24,23) (S 17,23,15) (D 0,1,1)
 0 1 12 1586 2448 8 (D 0,1,1) (S 21,25,20) (S 30,30,29) (S 39,39,39) (S 40,40,40) (S 49,49,49) (S 50,50,50) (D 0,1,1)
 0 1 13 1605 2702 7 (D 0,1,1) (S 41,38,37) (S 47,47,47) (S 48,48,48) (S 57,57,57) (S 53,51,60) (D 0,1,1)
 0 1 14 1612 2689 8 (D 0,1,1) (S 42,38,39) (S 44,39,48) (S 49,48,39) (S 43,39,29) (S 27,29,19) (S 33,31,32) (D 0,1,1)
 0 1 15 1601 2599 8 (D 0,1,1) (S 5,7,16) (S 24,24,24) (S 19,24,16) (S 36,33,24) (S 37,33,32) (S 34,32,31) (D 0,1,1)
 0 1 16 1558 2475 7 (D 0,1,1) (S 32,31,22) (S 32,32,32) (S 35,32,33) (S 42,42,42) (S 51,51,51) (D 0,1,1)
 0 1 17 1606 2770 8 (D 0,1,1) (S 56,56,56) (S 55,56,55) (S 56,58,59) (S 59,59,59) (S 57,59,58) (S 45,41,50) (D 0,1,1)
 0 1 18 1179 2242 7 (D 0,1,1) (S 18,23,24) (S 41,41,41) (S 46,42,51) (S 60,60,60) (S 51,50,41) (D 0,1,1)
